11 7
0 0 5 2 1
  4098.2003908     -0.0058535911879
  616.49374031     -0.0436471618720
  139.96644001     -0.1943146588400
  39.073441051     -0.4868506573100
  11.929847205     -0.4188170513700
0 0 3 2 1
  20.659966030      0.0859496898540
  1.9838860978     -0.5635914404100
  0.6483632394     -0.5195400904800
0 0 1 1 1
  0.2501479300      1.0000000000000
0 0 1 0 1
  0.1200013100      1.0000000000000
0 2 5 6 1
  75.401862017      0.0154353625320
  17.274818978      0.0997382931840
  5.1842347425      0.3120959396600
  1.6601211973      0.4929567480700
  0.5123252896      0.3242039831800
0 2 1 0 1
  0.1500052600      1.0000000000000
0 3 1 0 1
  0.2522706400      1.0000000000000
