19 9
0 0 6 2 1
  31478.746764       0.0039838653994
  4726.8876066       0.0305017597620
  1075.4345353       0.1507375262200
  303.39811023       0.5191293980100
  98.327112831       1.0366957005000
  33.636222177       0.7639896319900
0 0 3 2 1
  65.639209962      -0.2824261710600
  7.3162592218       1.6914935860000
  2.8902580135       1.2965331953000
0 0 3 2 1
  4.5459748965      -0.0076343555273
  0.7040412406       0.0256357189600
 0.28266888959       0.0166068592080
0 0 1 1 1
  0.2905816400       1.0000000000000 
0 0 1 0 1
  0.1300423900       1.0000000000000 
0 2 5 6 1
  361.22492154       0.0209064798230
  84.670222166       0.1504364174000
  26.469088236       0.5544006107700
  9.2658077615       1.0409009991000
  3.3423388293       0.6782534119400
0 2 3 6 1
  1.5100876104       0.7524819114600
  0.5656837516       1.3708585031000
  0.2081700850       0.6604763307900
0 2 1 0 1
  0.1517370000       1.0000000000000
0 3 1 0 1
  0.3966958300       1.0000000000000 

