20 9
0 0 6 2 1
  35138.713929      0.003948252074
  5276.4111348      0.030234243552
  1200.4692589      0.149520196810
  338.71810542      0.515973457130
  109.85385922      1.033951029600
  37.608880299      0.769379335260
0 0 3 2 1
  73.107977555     -0.282685250110
  8.2407705688      1.679609214200
  3.2959812993      1.280376601600
0 0 3 2 1
  5.23418009140    -0.007686860456
  0.84187220515     0.025382375978
  0.36510294029     0.016512171511
0 0 1 2 1
  0.3207089200      1.000000000000
0 0 1 0 1
  0.1400001600      1.000000000000
0 2 5 6 1
  413.11313893      0.020327135354
  96.935786224      0.147302763620
  30.372154659      0.548871673220
  10.684776830      1.044065981800
  3.8821258350      0.686534906840
0 2 3 6 1
  1.7993016295      0.754102468710
  0.6918905653      1.340929659900
  0.2636402410      0.563919894350
0 2 1 0 1
  0.1400000000      1.000000000000
0 3 1 0 1
  0.5251112100      1.000000000000
