21 11
0 0 6 2 1
  38956.081804      0.0039293205858
  5849.5733637      0.0300932212290
  1330.8813154      0.1489037095000
  375.55534165      0.5146428290600
  121.87261370      1.0337708070000
  41.760243729      0.7743685162700
0 0 3 2 1
  81.060633953     -0.2831855231600
  9.2059823972      1.6770806984000
  3.7063215732      1.2594733678000
0 0 3 2 1
  5.9888909988     -0.0077821367493
  0.9736343238      0.0254996927450
  0.4204101922      0.0161915608200
0 0 1 2 1
  0.4103497400      1.0000000000000
0 0 1 0 1
  0.1400237900      1.0000000000000
0 2 5 6 1
  466.31481262      0.0199843003900
  109.51217097      0.1456104307200
  34.375921827      0.5468746622300
  12.142096955      1.0479006012000
  4.4336767669      0.6889489032700
0 2 3 6 1
  2.0971291866      0.7561921472400
  0.8097760696      1.3178212235000
  0.3083404659      0.5431226817300
0 2 1 0 1
  0.2103537500      1.0000000000000
0 3 4 1 1
  19.240334928      0.0270390821440
  5.1178995899      0.1380368474300
  1.6554278827      0.3486908640300
  0.5401635561      0.4859418571700
0 3 1 0 1
  0.1611818500      1.0000000000000
0 4 1 0 1
  0.3450000000      1.0000000000000
