23 11
0 0 6 2 1
  47160.376060      0.0014498688908
  7081.4110871      0.0111064352510
  1611.1621223      0.0550054235850
  454.72940551      0.1906025259100
  147.71321208      0.3843502295700
  50.699538950      0.2909554679200
0 0 3 2 1
  98.262492669     -0.1094233785600
  11.294293099      0.6453949039900
  4.5853360105      0.4711788077700
0 0 3 2 1
  7.6359689588     -0.2045494905400
  1.2539836689      0.5259485276400
  0.5327193539      0.2556058274800
0 0 1 2 1
  0.4384774900      1.0000000000000
0 0 1 0 1
  0.1969337700      1.0000000000000 
0 2 5 6 1
  580.55044988      0.0097315110917
  136.52341127      0.0715312411370
  42.983958820      0.2719768841400
  15.282798763      0.5261898889300
  5.6202495154      0.3445253349800
0 2 3 6 1
  2.7485386415      0.3404039649600
  1.0618550073      0.5798399612000
  0.4023551865      0.2391164308300
0 2 1 0 1
  0.2914552600      1.0000000000000
0 3 4 3 1
  27.358434017      0.0266419270500
  7.4540604253      0.1399531172600
  2.4633917847      0.3575106663900
  0.8248092528      0.4848835414800
0 3 1 0 1
  0.1669591800      1.0000000000000
0 4 1 0 1
  0.5310000000      1.0000000000000
