25 11
0 0 6 2 1
  56137.0090370      0.0014321304702
  8429.20639430      0.0109725091620
  1917.82772330      0.0543824687120
  541.362301980      0.1888433512900
  176.000691420      0.3819802505400
  60.5004770100      0.2915677259600
0 0 3 2 1
  117.172828820     -0.1093366132800
  13.5969733680      0.6430503943100
  5.54839963410      0.4584897058400
0 0 3 2 1
  9.46628535300     -0.2253897725900
  1.55950060700      0.7230775865700
  0.65230205868      0.4530072153600
0 0 1 2 1
  0.32978445000      1.0000000000000
0 0 1 0 1
  0.14042718000      1.0000000000000 
0 2 5 6 1
  706.004975350      0.0095055518167
  166.197288200      0.0703562711420
  52.4520619060      0.2700555698200
  18.7469328620      0.5257434460200
  6.92829916220      0.3425403322300
0 2 3 6 1
  3.47722049380      0.3399407373600
  1.34069064490      0.5720383625400
  0.50498803038      0.2384760583100
0 2 1 0 1
  0.21289599000      1.0000000000000
0 3 4 5 1
  35.4232649350      0.0269853041110
  9.78142214510      0.1438345864800
  3.26734887670      0.3641895837700
  1.10264721890      0.4815267066100
0 3 1 0 1
  0.32317618000      1.0000000000000
0 4 1 0 1
  1.12600000000      1.0000000000000
