27 11
0 0 6 2 1
  65902.208257      0.0014284614936
  9895.3896027      0.0109460727830
  2251.4305789      0.0542859538900
  635.61097084      0.1888517907900
  206.78820681      0.3830163499400
  71.179242971      0.2944355126600
0 0 3 2 1
  137.77268040     -0.1099022173600
  16.118079243      0.6445553739500
  6.6030327710      0.4511678792400
0 0 3 2 1
  11.479915788     -0.2259384691000
  1.8956426324      0.7223140900800
  0.7846623207      0.4490381229600
0 0 1 2 1
  0.4348075800      1.0000000000000
0 0 1 0 1
  0.2101019300      1.0000000000000
0 2 5 6 1
  843.64358575      0.0093866097254
  198.76386994      0.0698802087160
  62.854963098      0.2703707034500
  22.562842280      0.5290478688000
  8.3713209127      0.3435702957900
0 2 3 6 1
  4.2858719800      0.3402799903600
  1.6508041817      0.5669339238400
  0.6183423110      0.2361797978300
0 2 1 0 1
  0.1630982500      1.0000000000000
0 3 4 7 1
  42.927867612      0.0284877883650
  11.942533053      0.1520695128300
  4.0046495664      0.3731091399900
  1.3413193804      0.4754983767600
0 3 1 0 1
  0.2886814600      1.0000000000000
0 4 1 0 1
  1.9030000000      1.0000000000000
