30 11
0 0 6 2 1
  82000.711629      0.001421076400
  12312.471777      0.010891499487
  2801.3944193      0.054057188059
  790.99424302      0.188474639040
  257.56551079      0.383465493460
  88.814933400      0.297237941970
0 0 3 2 1
  171.86353716     -0.110518495230
  20.302534785      0.646077169840
  8.3464123068      0.442201173220
0 0 3 2 1
  14.847536940     -0.227053092780
  2.4495029507      0.724332179350
  0.9984582182      0.448364955920
0 0 1 2 1
  0.4816363300      1.000000000000
0 0 1 0 1
  0.1957354600      1.000000000000
0 2 5 6 1
  1071.5185372      0.009276779724
  252.69712152      0.069541149430
  80.100829126      0.271567725640
  28.903393172      0.534013555730
  10.768899879      0.345013234460
0 2 3 6 1
  5.6446212530      0.341296001640
  2.1678291347      0.563905219730
  0.8054089834      0.236761097350
0 2 1 0 1
  0.2717229500      1.000000000000
0 3 4 10 1
  56.088939191      0.029588869140
  15.751908917      0.158725714040
  5.3115812367      0.379762291590
  1.7737904917      0.468989591720
0 3 1 0 1
  0.5008942200      1.000000000000 
0 4 1 0 1
  2.6140000000      1.000000000000
