31 12
0 0 6 2 1
  87842.126296      0.0014271588798
  13189.496402      0.0109388940970
  3000.9482141      0.0543082001270
  847.38425966      0.1895105598300
  276.00980642      0.3861518591800
  95.216672071      0.3005108271900
0 0 3 2 1
  184.00703968     -0.1112446196300
  21.827051433      0.6483132291800
  9.0026963761      0.4435838359400
0 0 3 2 1
  16.033176938     -0.2301429955500
  2.6707724878      0.7294686151600
  1.1252834170      0.4621497695100
0 0 1 2 1
  0.9338577400      1.0000000000000 
0 0 1 0 1
  0.1574498300      1.0000000000000
0 2 5 6 1
  1167.2665844      0.0090974021307
  275.38062789      0.0684562733430
  87.375073070      0.2692229388800
  31.597254670      0.5350789788200
  11.824122798      0.3527906276000
0 2 3 6 1
  6.2881845133      0.3393824453000
  2.5199853240      0.5687194760800
  1.0169726306      0.2771769493900
0 2 1 1 1
  0.3650037800      1.0000000000000
0 2 1 0 1
  0.1507841800      1.0000000000000
0 3 4 10 1
  65.354237674      0.0273701463820
  18.504656747      0.1509946397600
  6.3179620632      0.3748532854500
  2.1641389426      0.4751060685100
0 3 1 0 1
  0.6662863400      1.0000000000000 
0 3 1 0 1
  0.1526260800      1.0000000000000
