33 12
0 0 6 2 1
  100146.52554      0.0014258349617
  15036.861711      0.0109301769630
  3421.2902833      0.0542941746100
  966.16965717      0.1897607815300
  314.87394026      0.3877519545300
  108.70823790      0.3040281204000
0 0 3 2 1
  209.54238950     -0.1116209420400
  25.038221139      0.6469760776200
  10.390964343      0.4422360867300
0 0 3 2 1
  18.555090093     -0.2299419056900
  3.1281217449      0.7331910761300
  1.3884885073      0.4553365394300
0 0 1 2 1
  0.4181824500      1.0000000000000 
0 0 1 0 1
  0.1550131000      1.0000000000000
0 2 5 6 1
  1355.6443507      0.0089182507898
  319.99929270      0.0674547507170
  101.67734092      0.2675977211000
  36.886323845      0.5377684452000
  13.861115909      0.3599257024400
0 2 3 6 1
  7.4260666912      0.3403684963700
  3.0316247187      0.5703014933400
  1.2783078340      0.2660617023800
0 2 1 3 1
  0.5541281300      1.0000000000000
0 2 1 0 1
  0.1782049800      1.0000000000000
0 3 4 10 1
  84.445514539      0.0245184027240
  24.190416102      0.1410745467700
  8.4045015119      0.3687522891500
  2.9808970748      0.4840956136200
0 3 1 0 1
  0.9609040000      1.0000000000000
0 3 1 0 1
  0.1643010400      1.0000000000000
