34 12
0 0 6 2 1
  106612.20027      0.0014274889113
  16007.604701      0.0109435251140
  3642.1699707      0.0543741715960
  1028.5912993      0.1901809294700
  335.30298888      0.3891302169600
  115.80129154      0.3062020708800
0 0 3 2 1
  222.93325020     -0.1119880800900
  26.726257934      0.6475212420700
  11.124501923      0.4424197665100
0 0 3 2 1
  19.888520061     -0.2285722776200
  3.3668473803      0.7359135995100
  1.5249277839      0.4433019957700
0 0 1 2 1
  0.5304965700      1.0000000000000
0 0 1 0 1
  0.2012996100      1.0000000000000
0 2 5 6 1
  1455.9068120      0.0088203597043
  343.75101831      0.0668758519670
  109.29554964      0.2664057808000
  39.707711022      0.5383492842200
  14.950185232      0.3630328199300
0 2 3 6 1
  8.0208962094      0.3415380702500
  3.2934649756      0.5725790658300
  1.4058602438      0.2554981322200
0 2 1 4 1
  0.5015097700      1.0000000000000
0 2 1 0 1
  0.1509689200      1.0000000000000
0 3 4 10 1
  94.494024044      0.0234901010980
  27.188185260      0.1374773576700
  9.5091567352      0.3664992912400
  3.4170516853      0.4875098988400
0 3 1 0 1
  1.0106184400      1.0000000000000
0 3 1 0 1
  0.1503429700      1.0000000000000
