35 12
0 0 6 2 1
  113286.38776      0.0014283037779
  17009.626303      0.0109504174960
  3870.1842567      0.0544210066040
  1093.0357227      0.1904790769500
  356.39721797      0.3902464273700
  123.12539643      0.3081443251400
0 0 3 2 1
  236.74084007     -0.1122806567100
  28.468661070      0.6477596231200
  11.883443722      0.4423557598600
0 0 3 2 1
  21.269633312     -0.2264257632300
  3.6129226841      0.7382371200800
  1.6626648969      0.4268386869400
0 0 1 2 1
  0.5091510600      1.0000000000000 
0 0 1 0 1
  0.2448482800      1.0000000000000 
0 2 5 6 1
  1560.2801881      0.0087166669072
  368.47859205      0.0662436374200
  117.22978849      0.2649561038500
  42.648909248      0.5383916058700
  16.087225096      0.3657938788800
0 2 3 6 1
  8.6352810058      0.3424878736600
  3.5613665502      0.5750067821300
  1.5292626609      0.2433039417200
0 2 1 5 1
  0.5560447400      1.0000000000000 
0 2 1 0 1
  0.1564046700      1.0000000000000 
0 3 4 10 1
  104.85518642      0.0226501475810
  30.281143688      0.1345548323000
  10.651394267      0.3647445453700
  3.8699456233      0.4904458705600
0 3 1 0 1
  1.2561204000      1.0000000000000 
0 3 1 0 1
  0.2125147300      1.0000000000000 
