273 11
INPUT
13. 0 3 6 6 2 2
 10.318069 454.600649 0
 10.540267   2.837975 2
  2.574726  -0.814736 0
  8.743342  96.910783 0
  7.916223 195.850432 0
  9.275736   4.812524 2
  8.101675   6.338512 2
  2.077127  -0.459173 0
  2.750372  -0.644586 0
  5.447314  45.969976 0
  5.212545  69.638972 0
  5.884358   0.802933 2
  5.649579   0.429595 2
  1.388180  -0.307227 0
  1.294398  -0.461560 0
  2.161275   5.757773 0
  2.125939   7.678167 0
  3.145920  -5.684066 0
  3.127942  -7.062313 0
0 0 4 2 1.0
  24.4736509440       0.205903224880
  18.7213725490      -0.746707955140
  11.5000000000       3.407136389700
  10.3500000000      -2.817548760900
0 0 1 2 1.0
  3.54142726000       1.000000000000
0 0 1 0 1.0
  1.04824462000       1.000000000000
0 0 1 0 1.0
  0.42845553000       1.000000000000
0 2 4 6 1.0
  17.0000000000      -0.032577305616
  12.0081865360       0.103362873650
  5.02787605830      -0.285265216960
  1.19371241840       0.517901411550
0 2 1 0 1.0
  0.61019100000       1.000000000000
0 2 1 0 1.0
  0.25240065000       1.000000000000
0 3 3 3 1.0
  3.97387962780      -0.052799310714
  1.45288848130       0.185583194710
  0.61042908544       0.429590716310
0 3 1 0 1.0
  0.30647046000       1.000000000000
0 3 1 0 1.0
  0.15529436000       1.000000000000
0 4 1 0 1.0
  0.57386000000       1.000000000000

