274 11
INPUT
14. 0 2 6 6 2 2
 11.063795 419.227599 0
  8.217641  41.191307 0
  9.338188 107.348110 0
  8.430448 214.699568 0
  9.490020   0.025442 2
  9.489947   0.051895 2
  1.882997  -0.117184 0
  1.906972   0.296689 0
  6.205433  58.881279 0
  6.122157  98.683556 0
  6.274556   0.019537 2
  6.226375   0.021956 2
  1.963875  -0.088577 0
  1.888287  -0.209726 0
  2.307953   6.232472 0
  2.270609   8.311345 0
  3.583491  -6.802944 0
  3.562515  -8.443232 0
0 0 3 2 1.0
  30.0000000000       0.322464834100
  27.0000000000      -0.466922572140
  13.0780456840       0.426995637760
0 0 1 2 1.0
  4.56489858000       1.000000000000
0 0 1 0 1.0
  0.92909758000       1.000000000000
0 0 1 0 1.0
  0.25943180000       1.000000000000
0 2 4 6 1.0
  17.0000000000      -0.037817768433
  12.4319734320       0.109056738450
  5.15862176580      -0.293999550200
  1.28014548120       0.515607266970
0 2 1 0 1.0
  0.69177050000       1.000000000000
0 2 1 0 1.0
  0.35872359000       1.000000000000
0 3 4 4 1.0
  7.40647373150       0.086993963018
  5.90262686030      -0.176675400110
  1.29847567500       0.551456970300
  0.57153508541       0.953135965350
0 3 1 0 1.0
  0.39060699000       1.000000000000
0 3 1 0 1.0
  0.22840914000       1.000000000000
0 4 1 0 1.0
  0.43199000000       1.000000000000

