275 11
INPUT
15. 0 2 4 4 2 2
 12.163814 421.970300 0
  7.107595  50.134439 0
  9.684597  88.481910 0
  9.476214 176.787220 0
  7.668066  10.434338 0
  5.055156  20.458743 0
  6.509888  43.162431 0
  6.091216  64.767759 0
  4.164006   5.340301 0
  4.407379   8.243332 0
  2.562658   7.244543 0
  2.521549   9.659266 0
  4.034599  -7.974940 0
  4.009628  -9.882736 0
0 0 3 2 1.0
  30.0000000000       0.317807178110
  27.0000000000      -0.464923213320
  13.0780456840       0.457236413050
0 0 1 2 1.0
  5.03527130000       1.000000000000
0 0 1 0 1.0
  0.84827060000       1.000000000000
0 0 1 0 1.0
  0.13708770000       1.000000000000
0 2 4 6 1.0
  18.0000000000      -0.026890962397
  12.3186062500       0.099711498502
  5.37192345050      -0.292893981450
  1.35066467480       0.514663014340
0 2 1 0 1.0
  0.70111920000       1.000000000000
0 2 1 0 1.0
  0.29071390000       1.000000000000
0 3 4 5 1.0
  7.73528776720       0.083901798556
  6.09494436100      -0.177222587340
  1.38711054970       0.552382596920
  0.62324027854       0.919801112390
0 3 1 0 1.0
  0.38849660000       1.000000000000
0 3 1 0 1.0
  0.20321100000       1.000000000000
0 4 1 0 1.0
  0.52989000000       1.000000000000

