278 11
INPUT
18. 0 2 4 4 2 2
 14.604500 429.646087 0
  7.218287  73.156884 0
 11.577162  88.022917 0
 10.883843 175.998196 0
  6.424403  13.682274 0
  5.224198  27.414651 0
  7.699610  43.557852 0
  7.550808  65.369108 0
  3.961164   7.018596 0
  3.872777  11.391733 0
  3.379869  10.710220 0
  3.326255  14.278125 0
  5.452020 -11.651749 0
  5.412585 -14.375525 0
0 0 3 2 1.0
  30.0000000000       0.271482639000
  27.0000000000      -0.422267587740
  14.4083185640       0.443615819950
0 0 1 2 1.0
  5.76260815000       1.000000000000
0 0 1 0 1.0
  1.06835871000       1.000000000000
0 0 1 0 1.0
  0.15368971000       1.000000000000
0 2 4 6 1.0
  15.5000000000      -0.156727186290
  14.0000000000       0.238534129890
  6.11612123390      -0.310413797330
  1.57155863850       0.564735250890
0 2 1 0 1.0
  0.77232013000       1.000000000000
0 2 1 0 1.0
  0.25285881000       1.000000000000
0 3 4 8 1.0
  8.32079376110       0.062945798646
  7.42072265200      -0.090271847072
  1.65704106390       0.168125264160
  0.73943569960       0.250454169700
0 3 1 0 1.0
  1.12524984000       1.000000000000
0 3 1 0 1.0
  0.27562365000       1.000000000000
0 4 1 0 1.0
  0.56813000000       1.000000000000

