280 11
INPUT
20. 0 2 4 4 2 2
 12.413071 275.774797 0
  6.897913  49.267898 0
 11.310320  80.506984 0
 10.210773 161.034824 0
  5.939804   9.083416 0
  5.019755  18.367773 0
  8.407895  51.137256 0
  8.214086  76.707459 0
  4.012612   6.561821 0
  3.795398   9.818070 0
  3.273106   9.429001 0
  3.208321  12.494856 0
  4.485296  -6.338414 0
  4.513200  -8.099863 0
0 0 3 2 1.0
  48.0137869900       0.005800816491
  21.2398750950      -0.173281652350
  15.8761008790       0.364166850340
0 0 1 2 1.0
  5.75903016000       1.000000000000
0 0 1 0 1.0
  1.09413075000       1.000000000000
0 0 1 0 1.0
  0.15391724000       1.000000000000
0 2 4 6 1.0
  17.5000000000      -0.086457187331
  15.2525948550       0.153273182340
  6.44047151690      -0.302749552490
  1.81801599200       0.543612850260
0 2 1 0 1.0
  0.76252216000       1.000000000000
0 2 1 0 1.0
  0.23979495000       1.000000000000
0 3 4 10 1.0
  10.0281977010       0.039922353165
  7.59206614930      -0.094774230522
  1.91442561180       0.311641574630
  0.88641552102       0.455670784060
0 3 1 0 1.0
  0.65496994000       1.000000000000
0 3 1 0 1.0
  0.25845433000       1.000000000000
0 4 1 0 1.0
  0.69569000000       1.000000000000

