282 12
INPUT
22. 0 2 4 4 2 2
 12.296303 281.285499 0
  8.632634  62.520217 0
 10.241790  72.276897 0
  8.924176 144.591083 0
  6.581342   4.758693 0
  6.255403   9.940621 0
  7.754336  35.848507 0
  7.720281  53.724342 0
  4.970264  10.115256 0
  4.563789  14.833731 0
  3.887512  12.209892 0
  3.811963  16.190291 0
  5.691577  -9.096665 0
  5.715567 -11.531996 0
0 0 4 2 1.0
  591.611243700       0.000221265211
  46.7572325590       0.005696195913
  20.7464626960      -0.213740638310
  14.6107964190       0.405026206160
0 0 2 2 1.0
  20.2226376120      -0.083541883299
  6.47673248650       0.979108923880
0 0 2 0 1.0
  1.79457548000       0.585086349000
  0.96331994000       0.414913651000
0 0 1 0 1.0
  0.18390382000       1.000000000000
0 2 3 6 1.0
  15.1891021180       0.619523035830
  14.6931444150      -0.724984970860
  6.87058900480       0.376800079840
0 2 3 2 1.0
  2.20214261230       0.401962848060
  1.22091251190       0.460581318620
  0.63367559815       0.193676553970
0 2 1 0 1.0
  0.37699185000       1.000000000000
0 2 1 0 1.0
  0.15000232000       1.000000000000
0 3 6 10 1.0
  61.3153696280       0.000338708008
  12.3721958400       0.013788683942
  6.92549449830      -0.075979608103
  2.33195399390       0.281137842980
  1.21087300030       0.444745122690
  0.60090478506       0.353268743510
0 3 1 0 1.0
  1.46521682000       1.000000000000
0 3 1 0 1.0
  0.27112992000       1.000000000000
0 3 1 0 1.0
  0.15026464000       1.000000000000

