283 12
INPUT
23. 0 2 4 4 2 2
 13.043090 283.264227 0
  8.221682  62.471959 0
 10.467777  72.001499 0
  9.118901 144.002277 0
  6.754791   5.007945 0
  6.252592   9.991550 0
  8.081474  36.396259 0
  7.890595  54.597664 0
  4.955556   9.984294 0
  4.704559  14.981485 0
  4.214546  13.713383 0
  4.133400  18.194308 0
  6.205709 -10.247443 0
  6.227782 -12.955710 0
0 0 4 2 1.0
  716.414353100       0.000312543071
  83.8060590470       0.001762476895
  21.1169628530      -0.219109834370
  15.4914481870       0.404112249310
0 0 2 2 1.0
  23.2398550290      -0.068255758685
  6.64742550000       0.978880464710
0 0 2 0 1.0
  1.96177440000       0.653863290000
  0.97252866000       0.346136700000
0 0 1 0 1.0
  0.20618896000       1.000000000000
0 2 3 6 1.0
  15.2496446690       0.745603560000
  14.8461760530      -0.855786373380
  7.06368267840       0.401491595920
0 2 3 3 1.0
  2.58812556160       0.355427296330
  1.50202084990       0.639769918900
  0.76732724388       0.323327738390
0 2 1 0 1.0
  0.42288904000       1.000000000000
0 2 1 0 1.0
  0.17062087000       1.000000000000
0 3 6 10 1.0
  66.4044819480       0.000381028783
  13.8584269610       0.010746152442
  7.06545190000      -0.071947646845
  2.52521440350       0.261959749890
  1.34195850000       0.425947500000
  0.68340941000       0.336803256270
0 3 1 0 1.0
  0.90438000000       1.000000000000
0 3 1 0 1.0
  0.41457000000       1.000000000000
0 3 1 0 1.0
  0.15146817000       1.000000000000

