240 11
INPUT
12. 0 2 4 4 2 0
  8.636528 150.242994 0
  3.717639  18.780036 0
  7.626728  33.192791 0
  7.453207  66.389039 0
  3.358389   4.620726 0
  3.229738   9.260270 0
  5.938086  13.993383 0
  5.825544  20.995882 0
  2.205019   2.285166 0
  2.206292   3.441260 0
  4.800215  -5.239320 0
  4.798992  -6.987424 0
0 0 2 2 1.0
  11.0000000000     -0.190755952570
  9.50000000000      0.338955887540
0 0 1 2 1.0
  5.15504020000      1.000000000000
0 0 1 0 1.0
  1.55493930000      1.000000000000
0 0 1 0 1.0
  0.62126150000      1.000000000000
0 2 4 6 1.0
  8.60663055430      0.040404260236
  4.44009799580     -0.211877452010
  1.12810269460      0.491642668910
  0.54346076310      0.573033706580
0 2 1 0 1.0
  0.49792620000      1.000000000000
0 2 1 0 1.0
  0.16451000000      1.000000000000
0 3 3 2 1.0
  4.55679577950     -0.009619056902
  1.29049397970      0.205699901550
  0.51646987222      0.418313818510
0 3 1 0 1.0
  0.32949280000      1.000000000000
0 3 1 0 1.0
  0.18034710000      1.000000000000
0 4 1 0 1.0
  0.39261000000      1.000000000000

