242 11
INPUT
14. 0 2 4 4 2 0
  10.097000 180.076853 0
   4.375670  24.715920 0
   9.126564  41.227678 0
   8.863223  82.452670 0
   4.044948   6.345092 0
   3.866657  12.458423 0
   7.535754  19.308744 0
   7.278976  28.977674 0
   2.763205   3.189516 0
   2.772085   4.700169 0
   6.306633  -7.178888 0
   6.356448  -9.745978 0
0 0 2 2 1.0
  14.0000000000     -0.224900434060
  12.5000000000      0.331512485550
0 0 1 2 1.0
  2.22516084000      1.000000000000
0 0 1 0 1.0
  0.86385359000      1.000000000000
0 0 1 0 1.0
  0.31636276000      1.000000000000
0 2 4 6 1.0
  8.89311179150      0.069994449475
  5.46891122700     -0.235471418830
  1.35484730070      0.463154600070
  0.65494867461      0.488201847100
0 2 1 0 1.0
  1.34750494000      1.000000000000
0 2 1 0 1.0
  0.33245916000      1.000000000000
0 3 3 4 1.0
  5.00444454970     -0.021587364862
  1.77368233240      0.209586800860
  0.76950591696      0.437308805990
0 3 1 0 1.0
  0.68684632000      1.000000000000
0 3 1 0 1.0
  0.33189800000      1.000000000000
0 4 1 0 1.0
  1.05545000000      1.000000000000

