247 11
INPUT
19. 0 2 4 4 2 0
  12.567714 255.054771 0
   6.997662  36.983393 0
  11.316496  60.715705 0
  10.958063 121.443889 0
   7.111400  10.171866 0
   6.773319  20.486564 0
   8.928437  29.504938 0
  11.102567  44.018736 0
   5.543212   5.368333 0
   3.928835   7.408375 0
  11.012913 -12.623403 0
  11.019898 -16.764327 0
0 0 2 2 1.0
  19.0000000000     -0.166001041410
  15.4281999330      0.356650959180
0 0 1 1 1.0
  6.19396860000      1.000000000000
0 0 1 0 1.0
  1.25778091000      1.000000000000
0 0 1 0 1.0
  0.38143809000      1.000000000000
0 2 4 6 1.0
  13.1881801800      0.066928737147
  7.79527891380     -0.247352354090
  2.03515719120      0.491542802160
  0.98093914842      0.497416090060
0 2 1 0 1.0
  0.37969688000      1.000000000000
0 2 1 0 1.0
  0.15000001000      1.000000000000
0 3 4 10 1.0
  25.7843973510      0.003564506308
  11.3966367550     -0.012984262784
  2.73455813610      0.241088265480
  1.18735836050      0.424123307440
0 3 1 0 1.0
  0.47680698000      1.000000000000
0 3 1 0 1.0
  0.16383819000      1.000000000000
0 4 1 0 1.0
  1.39711000000      1.000000000000

