248 11
INPUT
20. 0 2 4 4 2 0
  13.355176 270.039448 0
   7.308378  38.877766 0
  12.659728  64.607470 0
  12.289639 129.219445 0
   6.786176  10.622558 0
   6.400743  21.265046 0
  11.161722  31.663965 0
  11.219615  47.489216 0
   4.537733   5.186200 0
   4.335727   7.566063 0
  11.478986 -12.632785 0
  11.487027 -16.760171 0
0 0 2 2 1.0
  20.000000000     -0.174011969270
  16.309051661      0.371372771940
0 0 1 2 1.0
  6.8463938700      1.000000000000
0 0 1 0 1.0
  1.2760130100      1.000000000000
0 0 1 0 1.0
  0.2555898500      1.000000000000
0 2 4 6 1.0
  14.000681404      0.069333062793
  8.3094019872     -0.254201036810
  2.2020058122      0.492009803680
  1.0779246137      0.497021181310
0 2 1 0 1.0
  0.4847503100      1.000000000000
0 2 1 0 1.0
  0.1531046400      1.000000000000
0 3 4 10 1.0
  30.380789793      0.003254512384
  11.474551578     -0.014212074843
  3.0507394903      0.249617564360
  1.3622028524      0.449056351760
0 3 1 0 1.0
  0.5420052100      1.000000000000
0 3 1 0 1.0
  0.1728955300      1.000000000000
0 4 1 0 1.0
  1.5981300000      1.000000000000

