249 12
INPUT
21. 0 2 4 4 2 0
  15.392822 281.122350 0
   8.055864  61.901470 0
  13.928672  67.462154 0
  13.347234 134.949250 0
   7.614132  14.746140 0
   7.318365  29.639262 0
  14.034715  35.493254 0
  14.511616  53.178773 0
   5.550550   9.177281 0
   5.059415  12.392410 0
  12.539056 -13.728078 0
  12.552561 -18.206866 0
0 0 4 2 1
  847.79276774      0.00012432052471
  72.041054824      0.00236003676070
  41.061316522     -0.00855882994530
  12.407609713      0.62952032489000
0 0 2 2 1
  11.640316941      1.55434292000000
  6.3695642727      0.67492488361000
0 0 1 0 1
  1.4405207000      1.00000000000000
0 0 1 0 1
  0.3197787000      1.00000000000000
0 2 3 6 1
  268.28136685      0.00011542193636
  14.781553782      0.07777983029200
  8.8041476194     -0.28332389472000
0 2 3 1 1
  2.3717277227      0.47896111744000
  1.1927065422      0.48293819961000
  0.5835281204      0.16843883728000
0 2 1 0 1
  0.2841177000      1.00000000000000
0 2 1 0 1
  0.1500026000      1.00000000000000
0 3 6 10 1
  94.282575063      0.00043652729696
  19.716431102      0.63918753088000
  19.600106824     -0.64663115577000
  3.5643186737      0.21187579614000
  1.7017801400      0.42129321741000
  0.7645661553      0.38418127707000
0 3 1 0 1
  0.5329607600      1.00000000000000
0 3 1 0 1
  0.3870051000      1.00000000000000
0 3 1 0 1
  0.1657772000      1.00000000000000

