250 12
INPUT
22. 0 2 4 4 2 0
  17.420414 279.988682 0
   7.631155  62.377810 0
  16.131024  66.162523 0
  15.628077 132.174396 0
   7.325608  16.339417 0
   6.942519  32.488959 0
  15.514976  36.387441 0
  15.188160  54.507841 0
   5.456024   8.696823 0
   5.363105  12.840208 0
  12.282348 -12.576333 0
  12.272150 -16.595944 0
0 0 4 2 1.0
  1577.07159310      0.000170427677
  235.266010780      0.000814670573
  38.2063306450     -0.003905790429
  13.0970317650      0.532459223430
0 0 2 2 1.0
  11.6814927590      1.543528727500
  5.96476043610      0.764215100410
0 0 1 0 1.0
  1.73827374000      1.000000000000
0 0 1 0 1.0
  0.66132269000      1.000000000000
0 2 3 6 1.0
  221.557674960      0.000311251780
  21.0840214330      0.031108097016
  8.76001385210     -0.275715609180
0 2 3 2 1.0
  2.59129097220      0.459123286660
  1.34268011570      0.496828672170
  0.67732735829      0.189623778210
0 2 1 0 1.0
  0.73354714000      1.000000000000
0 2 1 0 1.0
  0.41863762000      1.000000000000
0 3 6 10 1.0
  108.332101540      0.000465618533
  23.7039366300      0.054063163067
  22.3398439060     -0.058928768877
  4.08748340280      0.195885008960
  1.97373541460      0.423017991850
  0.90158257692      0.392527161760
0 3 1 0 1.0
  0.87555729000      1.000000000000
0 3 1 0 1.0
  0.52000000000      1.000000000000
0 3 1 0 1.0
  0.32000000000      1.000000000000

