256 8
INPUT
10. 0 2 4 4 4 2
  4.177931587  84.785457583 0
  2.522632800  17.372709041 0
  6.294119351  52.512225743 0
  6.476457746 105.022668647 0
  2.284326647   8.707014937 0
  2.091555201  17.165458832 0
  1.925291745   5.346535679 0
  1.878534118   8.025720742 0
  0.907088727   1.346295081 0
  0.910060953   2.063710453 0
  6.256321669 -20.003223472 0
  6.134135837 -26.118214748 0
  1.641382784  -2.344457989 0
  1.599343316  -2.980867480 0
  2.142381001  -3.316602759 0
  2.159981109  -4.275647018 0
0 0 2 2 1.0
  6.000000000000      -0.565871748380
  4.982208222600       0.975147685350
0 0 1 2 1.0
  1.955486070000       1.000000000000
0 0 1 0 1.0
  0.402650690000       1.000000000000
0 0 1 0 1.0
  0.150342160000       1.000000000000
0 2 4 6 1.0
  5.500000000000      -0.445863129980
  4.901793833600       0.677554798130
  2.614268506200      -0.460105549540
  0.479033949830       0.687496080210
0 2 1 0 1.0
  0.368107090000       1.000000000000
0 2 1 0 1.0
  0.160866000000       1.000000000000
0 3 1 0 1.0
  0.261872980000       1.000000000000

