272 11
INPUT
12. 0 3 6 6 2 2
 10.248856 478.237404 0
 10.729127   0.388024 2
  1.964856  -1.071232 0
  8.683462 101.046818 0
  7.916920 212.197761 0
  9.379243   0.132646 2
  8.244209   0.453108 2
  1.596686  -0.407914 0
  1.710281  -0.561817 0
  5.189557  43.115467 0
  5.253229  65.934732 0
  5.937871   0.025912 2
  5.712906   0.033741 2
  1.014856  -0.280579 0
  0.473712  -0.084849 0
  1.912608   4.811801 0
  1.880740   6.418574 0
  2.724180  -4.636585 0
  2.708953  -5.767288 0
0 0 4 2 1.0
  24.0000000000       0.193694486440
  16.0000000000      -3.506463078200
  14.4000000000       4.308258100000
  10.3045046670      -0.910458097420
0 0 1 2 1.0
  3.44828252000       1.000000000000
0 0 1 0 1.0
  0.96247078000       1.000000000000
0 0 1 0 1.0
  0.39628742000       1.000000000000
0 2 4 6 1.0
  17.0000000000      -0.030316491880
  11.7380720970       0.101392796860
  4.92039671610      -0.282279246570
  1.12517261380       0.520320085010
0 2 1 0 1.0
  0.61894120000       1.000000000000
0 2 1 0 1.0
  0.38553583000       1.000000000000
0 3 3 2 1.0
  3.98206232290      -0.042446023944
  1.30779877720       0.184092325640
  0.53272310298       0.414844235160
0 3 1 0 1.0
  1.13258482000       1.000000000000
0 3 1 0 1.0
  0.18168857000       1.000000000000
0 4 1 0 1.0
  0.31547000000       1.000000000000

