276 11
INPUT
16. 0 2 4 4 2 2
 13.002001 424.390376 0
  6.962763  57.122503 0
 10.498941  88.279003 0
  9.992523 176.486064 0
  6.588248  11.715012 0
  5.037167  22.915006 0
  7.083441  44.777708 0
  6.721179  67.153648 0
  3.794626   5.550387 0
  3.748125   8.220104 0
  2.826276   8.328332 0
  2.781198  11.103102 0
  4.496981  -9.181343 0
  4.467738 -11.361604 0
0 0 3 2 1.0
  30.0000000000       0.322130048040
  27.0000000000      -0.479229181370
  13.5247300050       0.474659468370
0 0 1 2 1.0
  5.07180090000       1.000000000000
0 0 1 0 1.0
  1.01689660000       1.000000000000
0 0 1 0 1.0
  0.15681750000       1.000000000000
0 2 4 6 1.0
  15.5000000000       0.160164633760
  14.0000000000      -0.232015204020
  5.54582904200       0.297725872740
  1.41395022150      -0.542532381760
0 2 1 0 1.0
  1.02881280000       1.000000000000
0 2 1 0 1.0
  0.39942220000       1.000000000000
0 3 4 6 1.0
  8.29450594870       0.069648222110
  6.30603974300      -0.164442296300
  1.48901091100       0.551545410330
  0.67315390607       0.884613702910
0 3 1 0 1.0
  0.41898000000       1.000000000000
0 3 1 0 1.0
  0.20060820000       1.000000000000
0 4 1 0 1.0
  0.55065000000       1.000000000000

