277 11
INPUT
17. 0 2 4 4 2 2
 13.831474 426.958149 0
  7.047914  65.338813 0
 11.106433  88.075442 0
 10.456552 176.124770 0
  6.379614  12.682260 0
  5.064726  24.635949 0
  7.548754  46.433258 0
  7.265308  69.638074 0
  3.800969   6.150248 0
  3.718280   9.463560 0
  3.098706   9.483610 0
  3.049461  12.642742 0
  4.969790 -10.410697 0
  4.935614 -12.863196 0
0 0 3 2 1.0
  30.0000000000       0.307979032280
  27.0000000000      -0.467263617810
  13.9619739110       0.471610031460
0 0 1 2 1.0
  5.47856190000       1.000000000000
0 0 1 0 1.0
  1.03410270000       1.000000000000
0 0 1 0 1.0
  0.15511300000       1.000000000000
0 2 4 6 1.0
  15.9026641430      -0.162907200990
  14.4158306980       0.234832129870
  5.75976089910      -0.303053371760
  1.50089131080       0.555129820690
0 2 1 0 1.0
  0.79499330000       1.000000000000
0 2 1 0 1.0
  0.34430910000       1.000000000000
0 3 4 7 1.0
  8.63216925040       0.075000099949
  6.58981923020      -0.173269651730
  1.58083796630       0.550651969130
  0.71827834905       0.852736414360
0 3 1 0 1.0
  0.39656820000       1.000000000000
0 3 1 0 1.0
  0.20217030000       1.000000000000
0 4 1 0 1.0
  0.61008000000       1.000000000000

