279 11
INPUT
19. 0 2 4 4 2 2
 13.523218 426.641867 0
  6.264384  36.800668 0
 11.413867  87.002091 0
 10.329215 174.004370 0
  5.707424   8.870610 0
  4.828165  17.902438 0
  7.430963  49.883655 0
  8.321990  74.684549 0
  4.609642   6.486227 0
  3.511507   9.546821 0
  3.084639   8.791640 0
  3.024743  11.658456 0
  3.978442  -5.234337 0
  4.011491  -6.738142 0
0 0 3 2 1.0
  30.0000000000       0.207492311080
  27.0000000000      -0.332678933940
  14.7468243310       0.383028179580
0 0 1 2 1.0
  6.10568239000       1.000000000000
0 0 1 0 1.0
  1.13068946000       1.000000000000
0 0 1 0 1.0
  0.18001283000       1.000000000000
0 2 4 6 1.0
  15.5000000000       0.150017118800
  14.0000000000      -0.236098131830
  6.42273682050       0.314588969480
  1.65956016810      -0.572796704460
0 2 1 0 1.0
  0.87155106000       1.000000000000
0 2 1 0 1.0
  0.20887895000       1.000000000000
0 3 4 9 1.0
  9.55240986560       0.040145559502
  7.26988869370      -0.093690906606
  1.77464967890       0.317462823170
  0.79960541055       0.467951924830
0 3 1 0 1.0
  0.55708019000       1.000000000000
0 3 1 0 1.0
  0.28104926000       1.000000000000
0 4 1 0 1.0
  0.72482000000       1.000000000000

