281 12
INPUT
21. 0 2 4 4 4 4
 12.167805 281.284663 0
  8.294909  62.434251 0
  7.151492   4.633408 0
  5.172865   9.341756 0
  9.891072  72.299253 0
  9.003391 144.558037 0
  7.130218  35.943039 0
  6.926906  53.909593 0
  5.417570  10.381939 0
  5.138681  15.583822 0
  5.626399  15.825488 0
  5.548952  21.104021 0
  2.874946   2.915127 0
  2.821451   3.896903 0
  6.679057  -7.494534 0
  6.706835  -9.540575 0
  7.209284  -7.797992 0
  7.070964  -9.259524 0
0 0 4 2 1.0
  729.650381450       0.000136728298
  46.6655487070       0.006044343995
  20.9704487260      -0.200220666970
  14.1495886770       0.408016784880
0 0 2 2 1.0
  20.7301342850      -0.071861135918
  6.15276313090       0.980575084450
0 0 2 0 1.0
  1.52213990000       0.757226530531
  0.60808142000       0.242773469468
0 0 1 0 1.0
  0.19536816000       1.000000000000
0 2 3 6 1.0
  15.3838526160       0.617179491800
  14.8149295440      -0.728592351510
  6.72612536580       0.404381953640
0 2 3 1 1.0
  1.96261821490       0.431576611600
  1.03318578510       0.392304038530
  0.53837445996       0.140074068200
0 2 1 0 1.0
  0.51586349000       1.000000000000
0 2 1 0 1.0
  0.15756134000       1.000000000000
0 3 6 10 1.0
  57.6068199280       0.000160548111
  9.73688666670       0.024456562496
  6.92562016790      -0.069914775031
  2.13962307310       0.194962694900
  1.08361871100       0.297316297050
  0.52356298209       0.237287081020
0 3 1 0 1.0
  0.99500000000       1.000000000000
0 3 1 0 1.0
  0.30021654000       1.000000000000
0 3 1 0 1.0
  0.15000166000       1.000000000000

