237 6
INPUT
9. 0 2 4 4 2 0
  5.031683377 89.503949586 0
  2.015185434  0.437903605 0
  4.383544458 19.520470196 0
  4.332659280 39.038955357 0
  1.374288087  0.170609341 0
  1.225772391  0.418499875 0
  3.415601371 10.482661239 0
  3.412863366 15.724060278 0
  1.030504898  0.266082838 0
  1.019872163  0.408802184 0
  3.574403408 -4.478284427 0
  3.565710590 -5.956907509 0
0 0 3 2 1.0
  4.66878850710      0.290085267930
  2.94424284200     -0.677400904280
  0.58171262989      0.457123894870
0 0 1 1 1.0
  0.38286556000      1.000000000000
0 0 1 0 1.0
  0.15003232000      1.000000000000
0 2 4 6 1.0
  5.52341794800      0.051234729472
  3.41201496460     -0.173370256460
  0.76899021792      0.433396831880
  0.33088071786      0.553543327210
0 2 1 0 1.0
  0.15000738000      1.000000000000
0 3 1 0 1.0
  1.22600000000      1.000000000000

