246 8
INPUT
18. 0 2 4 4 2 0
  12.798825 240.262789 0
   5.800528  34.729961 0
  11.874697  56.746929 0
  11.474335 113.444417 0
   5.515999   9.345639 0
   5.248043  18.345447 0
   8.502212  28.595554 0
   7.983324  43.453921 0
   3.107628   1.852286 0
   2.476734   1.406765 0
   9.679571 -10.987255 0
   9.691349 -14.626190 0
0 0 3 2 1.0
  8.47564000000       1.239239107600
  7.16571700000      -1.656310997000
  3.18211000000      -0.131786190600
0 0 1 2 1.0
  1.14459396000       1.000000000000
0 0 1 0 1.0
  0.76781060000       1.000000000000
0 2 4 6 1.0
  4.24609700000      -0.823241049730
  3.39259400000       0.870846599330
  1.19758912640       0.635122257910
  0.52673750585       0.272253387520
0 2 1 0 1.0
  0.15561720000       1.000000000000
0 3 4 8 1.0
  7.36132909850      -0.017199885828
  2.62910372580       0.233137452750
  1.12927446340       0.445363858670
  0.44471659896       0.392936504060
0 3 1 0 1.0
  0.15045324000       1.000000000000
0 4 1 0 1.0
  1.04629000000       1.000000000000

