247 8
INPUT
19. 0 2 4 4 2 0
  12.567714 255.054771 0
   6.997662  36.983393 0
  11.316496  60.715705 0
  10.958063 121.443889 0
   7.111400  10.171866 0
   6.773319  20.486564 0
   8.928437  29.504938 0
  11.102567  44.018736 0
   5.543212   5.368333 0
   3.928835   7.408375 0
  11.012913 -12.623403 0
  11.019898 -16.764327 0
0 0 3 2 1.0
  9.08844200000     -1.980891879700
  7.54073100000      2.755451334700
  2.79400500000      0.227154083810
0 0 1 2 1.0
  1.23043317000      1.000000000000
0 0 1 0 1.0
  0.18387114000      1.000000000000
0 2 4 6 1.0
  4.45124000000     -0.993521037710
  3.67526300000      1.050052523700
  1.26106209050      0.647475325370
  0.54212477498      0.256215507230
0 2 1 0 1.0
  0.15011983000      1.000000000000
0 3 4 9 1.0
  7.79566722920     -0.017042912377
  2.89265102380      0.234461548030
  1.24742732030      0.447658775330
  0.49313817671      0.390649545600
0 3 1 0 1.0
  0.15938987000      1.000000000000
0 4 1 0 1.0
  1.39711000000      1.000000000000

