250 9
INPUT
22. 0 2 4 4 2 0
  17.420414 279.988682 0
   7.631155  62.377810 0
  16.131024  66.162523 0
  15.628077 132.174396 0
   7.325608  16.339417 0
   6.942519  32.488959 0
  15.514976  36.387441 0
  15.188160  54.507841 0
   5.456024   8.696823 0
   5.363105  12.840208 0
  12.282348 -12.576333 0
  12.272150 -16.595944 0
0 0 6 2 1.0
  375.951561770      0.001522488423
  23.6618180080     -0.167760650300
  19.9462813150      0.339890903930
  6.82402704540     -0.844417915290
  1.87714887220      0.926469528460
  0.82033199226      0.530910944900
0 0 2 2 1.0
  10.3415498870     -0.009033111915
  1.36725241550      0.229808777140
0 0 1 0 1.0
  0.29403717000      1.000000000000
0 2 4 6 1.0
  21.2935977480      0.037103218279
  8.81718424990     -0.323517096610
  1.23470283710      0.838467608980
  0.57869142617      0.232949770500
0 2 1 2 1.0
  2.50434786000      1.000000000000
0 2 1 0 1.0
  0.23283552000      1.000000000000
0 3 5 10 1.0
  39.6930231770      0.003918573427
  20.8521792750     -0.006821007367
  3.69078327740      0.279384204950
  1.58494045300      0.526074098740
  0.62772693365      0.361494653480
0 3 1 0 1.0
  0.80500000000      1.000000000000
0 3 1 0 1.0
  0.30500000000      1.000000000000

