251 9
INPUT
23. 0 2 4 4 2 0
  16.330865 281.071581 0
   8.556542  61.716604 0
  14.470337  67.457380 0
  13.816194 134.933503 0
   8.424924  14.716344 0
   8.092728  29.518512 0
  14.886331  35.447815 0
  15.146319  53.143466 0
   5.908267   9.179223 0
   5.594322  13.240253 0
  14.444978 -15.366801 0
  14.449295 -20.296138 0
0 0 6 2 1.0
  372.761391660      0.001587805724
  22.6894785960     -0.150276055830
  18.3915470370      0.359158130390
  7.64062714140     -0.748050910650
  1.90520002350      0.920175816560
  0.93007107773      0.467540795970
0 0 2 2 1.0
  10.5844969870     -0.014845336778
  1.46802427690      0.352894920250
0 0 1 0 1.0
  0.18471219000      1.000000000000
0 2 4 6 1.0
  15.9265509500      0.132069500120
  10.0527392370     -0.415111493400
  1.26821837260      0.741979726260
  0.57196620929      0.155807727500
0 2 1 3 1.0
  0.93599266000      1.000000000000
0 2 1 0 1.0
  0.14300702000      1.000000000000
0 3 5 10 1.0
  45.4850633600      0.003255641581
  18.5040596170     -0.005495297201
  3.91560323080      0.279888063530
  1.71421960090      0.512733777610
  0.69675478242      0.332888027360
0 3 1 0 1.0
  0.93586302000      1.000000000000
0 3 1 0 1.0
  0.12000070000      1.000000000000

