252 9
INPUT
24. 0 2 4 4 2 0
  16.814473 281.045843 0
   8.793526  61.620656 0
  14.877801  67.449464 0
  14.269731 134.904304 0
   8.724435  14.689547 0
   8.291515  29.415063 0
  15.205008  35.432057 0
  15.225848  53.135687 0
   6.071769   9.069802 0
   5.804760  13.122304 0
  15.206168 -15.745450 0
  15.201702 -20.742448 0
0 0 6 2 1.0
  396.479546590      0.002630773120
  21.9197733090     -0.132035170660
  18.0612713900      0.362031978340
  8.14034632410     -0.755911202760
  2.07059987980      0.791929284000
  0.97715185085      0.405583425400
0 0 2 2 1.0
  11.2635638410     -0.015212984183
  1.61226960620      0.352021405170
0 0 1 0 1.0
  0.52919403000      1.000000000000
0 2 4 6 1.0
  17.4795022210      0.115177991820
  10.4339431710     -0.412053026720
  1.36230247630      0.787605780760
  0.59239616258      0.152832990180
0 2 1 4 1.0
  2.81690169000      1.000000000000
0 2 1 0 1.0
  0.30161299000      1.000000000000
0 3 5 10 1.0
  50.8218359910      0.003376347477
  18.8840953780     -0.003522140894
  4.25273046300      0.282542160650
  1.87575570920      0.520393729160
  0.77069282849      0.322135416890
0 3 1 0 1.0
  0.32024082000      1.000000000000
0 3 1 0 1.0
  0.15001209000      1.000000000000

