253 9
INPUT
25. 0 3 4 4 4 0
  40.033376  49.989649 0
  17.300576 281.006556 0
   8.851720  61.416739 0
  15.720141  67.416239 0
  15.208222 134.807696 0
   8.294186  14.566548 0
   7.753949  28.968422 0
  13.817751  35.538756 0
  13.587805  53.339759 0
   6.947630   9.716466 0
   6.960099  14.977500 0
  18.522950 -20.176618 0
  18.251035 -26.088077 0
   7.557901  -0.220434 0
   7.597404  -0.221646 0
0 0 6 2 1.0
  445.904891760      0.002003729039
  23.3368424120     -0.149893973240
  19.5834461040      0.364364749130
  8.51120891860     -0.755381381990
  2.19961618610      0.828163593560
  1.06689704540      0.421610481100
0 0 2 2 1.0
  11.7205475720     -0.016160234511
  1.76259864490      0.352715251930
0 0 1 0 1.0
  0.22063941000      1.000000000000
0 2 4 6 1.0
  20.4990272540      0.077159335656
  10.5587545760     -0.383703727800
  1.50158954850      0.835541747190
  0.64597173095      0.167872594880
0 2 1 5 1.0
  2.97381309000      1.000000000000
0 2 1 0 1.0
  0.21032497000      1.000000000000
0 3 5 10 1.0
  51.2353549200      0.004034513035
  15.6162394820     -0.005076810888
  4.52660021390      0.291510653560
  2.05298087660      0.511457836050
  0.87640281623      0.312320252970
0 3 1 0 1.0
  2.30751375000      1.000000000000
0 3 1 0 1.0
  0.75587879000      1.000000000000

