238 6
INPUT
10. 0 2 4 4 2 0
  6.933460990 135.271042909 0
  4.114003832  17.944071402 0
  7.216816623  29.438081345 0
  7.173696172  58.880674863 0
  3.022798817   4.936282692 0
  2.865699030   9.723352071 0
  6.321514600  11.907239187 0
  6.391499495  17.859551440 0
  1.769726597   2.199180226 0
  1.636771665   2.893570866 0
  4.244198396  -5.509333254 0
  4.229164471  -7.304641693 0
0 0 3 2 1.0
  5.92764287670      0.196987653640
  3.06912748140     -0.648522059850
  0.70675488028      0.620647290220
0 0 1 2 1.0
  0.34491869000      1.000000000000
0 0 1 0 1.0
  0.15001445000      1.000000000000
0 2 4 6 1.0
  2.43247200000     -0.371450598480
  1.66423400000      0.378568242340
  0.59455471858      0.598744878030
  0.26152621998      0.353140195120
0 2 1 0 1.0
  0.15000001000      1.000000000000
0 3 1 0 1.0
  0.25000000000      1.000000000000

