239 8
INPUT
11. 0 2 4 4 2 0
  7.858275 135.134974 0
  3.382128  15.411632 0
  6.849791  29.251437 0
  6.710092  58.508363 0
  3.042159   3.780243 0
  2.937330   7.676547 0
  5.416315  11.849911 0
  5.333416  17.778103 0
  1.976212   2.062383 0
  1.961111   3.075654 0
  5.028590  -6.928078 0
  5.005582  -9.155099 0
0 0 3 2 1.0
  5.13295800000     -1.386484545700
  4.24019200000      1.945958116600
  1.29828000000      0.441826031540
0 0 1 2 1.0
  0.68926375000      1.000000000000
0 0 1 0 1.0
  0.16497082000      1.000000000000
0 2 4 6 1.0
  2.72792000000     -0.372498849120
  1.97905000000      0.325720659960
  0.79980886805      0.500946555020
  0.38409397354      0.443859294930
0 2 1 0 1.0
  0.15022693000      1.000000000000
0 3 4 1 1.0
  3.90308330600     -0.009820979262
  1.13632343020      0.191836296640
  0.45617043877      0.405977885390
  0.17470950748      0.438614855180
0 3 1 0 1.0
  0.59408459000      1.000000000000
0 4 1 0 1.0
  0.26515000000      1.000000000000

