240 8
INPUT
12. 0 2 4 4 2 0
  8.636528 150.242994 0
  3.717639  18.780036 0
  7.626728  33.192791 0
  7.453207  66.389039 0
  3.358389   4.620726 0
  3.229738   9.260270 0
  5.938086  13.993383 0
  5.825544  20.995882 0
  2.205019   2.285166 0
  2.206292   3.441260 0
  4.800215  -5.239320 0
  4.798992  -6.987424 0
0 0 3 2 1.0
  5.87378900000      0.542555587140
  4.28727000000     -0.952413332440
  1.46413700000     -0.137039264110
0 0 1 2 1.0
  0.80283721000      0.885215843900
0 0 1 0 1.0
  0.31797437000      1.000000000000
0 2 4 6 1.0
  2.87422400000     -0.466240869180
  2.11990100000      0.458831338910
  0.78845821105      0.588539124750
  0.36332579847      0.358222322440
0 2 1 0 1.0
  0.15000001000      1.000000000000
0 3 4 2 1.0
  4.28986238780     -0.012212868080
  1.36155574980      0.196924235200
  0.56937550689      0.420578316590
  0.22674948677      0.427570279990
0 3 1 0 1.0
  0.15000001000      1.000000000000
0 4 1 0 1.0
  0.39261000000      1.000000000000

