241 8
INPUT
13. 0 2 4 4 2 0
  9.376578 165.156736 0
  4.043572  21.823951 0
  8.363609  37.249284 0
  8.166898  74.507389 0
  3.693075   5.439486 0
  3.551047  10.913252 0
  6.689108  15.214549 0
  6.537193  22.833508 0
  2.551118   3.000052 0
  2.567896   4.553734 0
  5.568285  -6.281354 0
  5.671372  -8.755644 0
0 0 3 2 1.0
  6.56630100000     -0.949179078660
  4.58643800000      1.573637288300
  3.75377000000      0.363804229810
0 0 1 2 1.0
  1.52994441000      1.000000000000
0 0 1 0 1.0
  0.49982914000      1.000000000000
0 2 4 6 1.0
  3.07006300000     -0.510251158810
  2.23796400000      0.535705980170
  0.80801969671      0.631022163510
  0.35783343432      0.302059089420
0 2 1 0 1.0
  0.15000066000      1.000000000000
0 3 4 3 1.0
  4.61709758670     -0.013574476955
  1.56634384800      0.203743104960
  0.66952425826      0.429974531050
  0.27140946867      0.417997548480
0 3 1 0 1.0
  0.16440937000      1.000000000000
0 4 1 0 1.0
  0.52270000000      1.000000000000

