244 8
INPUT
16. 0 2 4 4 2 0
  11.500590 209.786493 0
   5.068575  30.214307 0
  10.532634  48.751244 0
  10.192010  97.496529 0
   4.734892   7.860188 0
   4.509065  15.329751 0
   8.877977  26.967506 0
   8.766122  40.432303 0
   3.170196   3.340758 0
   3.228851   5.256352 0
   7.820249  -8.847525 0
   7.839647 -11.835518 0
0 0 3 2 1.0
  7.93657000000     -1.177208335000
  5.98424500000      1.619705959200
  4.88222000000      0.510658075560
0 0 1 2 1.0
  1.03584845000      1.000000000000
0 0 1 0 1.0
  0.38064423000      1.000000000000
0 2 4 6 1.0
  3.75460900000     -0.707778735630
  2.91657100000      0.749543914840
  1.03222095680      0.646606096450
  0.45249553774      0.270290868160
0 2 1 0 1.0
  0.26604397000      1.000000000000
0 3 4 6 1.0
  5.73418466190     -0.035266111560
  2.24836862940      0.218025022220
  0.98376978359      0.447095650130
  0.40379445583      0.403717325080
0 3 1 0 1.0
  0.15000102000      1.000000000000
0 4 1 0 1.0
  0.94314000000      1.000000000000

