245 8
INPUT
17. 0 2 4 4 2 0
  12.194816 225.312054 0
   5.405137  32.441582 0
  11.280755  52.872826 0
  10.927248 105.745526 0
   5.090117   8.619344 0
   4.851832  16.973459 0
   9.136337  25.108501 0
   8.964808  37.695731 0
   3.643612   4.202584 0
   3.636007   6.292790 0
   8.616228  -9.673568 0
   8.629435 -12.899847 0
0 0 3 2 1.0
  7.91774400000      1.401404201000
  6.84120700000     -1.797507265600
  2.95984000000     -0.162257544970
0 0 1 2 1.0
  1.28980949000      0.874951107140
0 0 1 0 1.0
  0.55046067000      1.000000000000
0 2 4 6 1.0
  4.13607900000     -0.551833280180
  2.94628100000      0.613705335150
  1.07924319240      0.640054345380
  0.46611217769      0.259580507550
0 2 1 0 1.0
  0.32170809000      1.000000000000
0 3 4 7 1.0
  6.88471316410     -0.015962387985
  2.38373043910      0.230475558290
  1.01843840220      0.440758040280
  0.39957494644      0.395676619960
0 3 1 0 1.0
  0.55000396000      1.000000000000
0 4 1 0 1.0
  0.89499000000      1.000000000000

