248 8
INPUT
20. 0 2 4 4 2 0
  13.355176 270.039448 0
   7.308378  38.877766 0
  12.659728  64.607470 0
  12.289639 129.219445 0
   6.786176  10.622558 0
   6.400743  21.265046 0
  11.161722  31.663965 0
  11.219615  47.489216 0
   4.537733   5.186200 0
   4.335727   7.566063 0
  11.478986 -12.632785 0
  11.487027 -16.760171 0
0 0 3 2 1.0
  9.72701100000     -1.793007531600
  7.83752300000      2.611031897100
  5.08919400000      0.107484289490
0 0 1 2 1.0
  1.29763118000      1.000000000000
0 0 1 0 1.0
  0.25498356000      1.000000000000
0 2 4 6 1.0
  4.74271600000     -1.041192305100
  3.93665500000      1.100368233200
  1.35692431420      0.653666394110
  0.58791569541      0.246323691130
0 2 1 0 1.0
  0.15000001000      1.000000000000
0 3 4 10 1.0
  7.86310408590     -0.021376239365
  3.29350591330      0.225963995680
  1.45036760250      0.452944029720
  0.59373316766      0.392189719580
0 3 1 0 1.0
  0.20914758000      1.000000000000
0 4 1 0 1.0
  1.59813000000      1.000000000000

