249 9
INPUT
21. 0 2 4 4 2 0
  15.392822 281.122350 0
   8.055864  61.901470 0
  13.928672  67.462154 0
  13.347234 134.949250 0
   7.614132  14.746140 0
   7.318365  29.639262 0
  14.034715  35.493254 0
  14.511616  53.178773 0
   5.550550   9.177281 0
   5.059415  12.392410 0
  12.539056 -13.728078 0
  12.552561 -18.206866 0
0 0 6 2 1.0
  283.522974450      0.000701321414
  23.3242821010     -0.090887432418
  16.8680268440      0.280968251770
  6.78664981370     -0.706978324520
  1.67825960160      0.986716449130
  0.78396870439      0.625685763020
0 0 2 2 1.0
  1.82766547750     -0.341516402490
  0.83753492534     -0.596967243340
0 0 1 0 1.0
  0.30746650000      1.000000000000
0 2 4 6 1.0
  14.6991918260      0.092248042349
  8.87090380510     -0.324370293000
  1.13429058890      0.611622170180
  0.52667652433      0.176096403860
0 2 1 1 1.0
  1.92844340000      1.000000000000
0 2 1 0 1.0
  0.76607280000      1.000000000000
0 3 5 10 1.0
  31.3786559260      0.005400700472
  18.2900463260     -0.011208558948
  3.25518945900      0.303845191610
  1.38748425840      0.540781099790
  0.54248962672      0.382326800380
0 3 1 0 1.0
  0.95086790000      1.000000000000
0 3 1 0 1.0
  0.19069890000      1.000000000000

