7 8
0 0 6 2.0 1.0
  19730.800647      0.00021887984991
  2957.8958745      0.00169607088030
  673.22133595      0.00879546035380
  190.68249494      0.03535938260500
  62.295441898      0.11095789217000
  22.654161182      0.24982972552000
0 0 2 2.0 1.0
  8.9791477428      0.4062389614800
  3.6863002370      0.2433821717600
0 0 1 0.0 1.0
  0.7865398200      1.0000000000000
0 0 1 0.0 1.0
  0.2677997200      1.0000000000000
0 2 4 3.0 1.0
  49.200380510      0.0055552416751
  11.346790537      0.0380523797230
  3.4273972411      0.1495367102900
  1.1785525134      0.3494930523000
0 2 1 0.0 1.0
  0.3780331700      1.0000000000000
0 2 1 0.0 1.0
  0.1473661500      1.0000000000000
0 3 1 0.0 1.0
  0.3612294900      1.0000000000000
