14 10
0 0 7 2.0 1.0
  44773.358078      0.00055914765868
  6717.1992104      0.00432060401890
  1528.8960325      0.02218709646000
  432.54746585      0.08648924911600
  140.61505226      0.24939889716000
  49.857636724      0.46017197366000
  18.434974885      0.34250236575000
0 0 3 2.0 1.0
  86.533886111      0.02130006300700
  26.624606846      0.09467613931800
  4.4953057159     -0.32616264859000
0 0 2 2.0 1.0
  2.1035045710      1.39808038500000
  1.0106094922      0.63865786699000
0 0 1 0.0 1.0
  0.7422443800      1.00000000000000
0 0 1 0.0 1.0
  0.2160762500      1.00000000000000
0 2 5 6.0 1.0
  394.47503628      0.00262856939590
  93.137683104      0.02055625774900
  29.519608742      0.09207026280100
  10.781663791      0.25565889739000
  4.1626574778      0.42111707185000
0 2 1 2.0 1.0
  1.4499318500      1.00000000000000
0 2 1 0.0 1.0
  0.5949286700      1.00000000000000
0 2 1 0.0 1.0
  0.1146786100      1.00000000000000
0 3 1 0.0 1.0
  0.5074090300      1.00000000000000
