17 10
0 0 7 2.0 1.0
  69507.990945      0.00054314897497
  10426.156880      0.00419904639610
  2373.2334061      0.02159214167900
  671.56420071      0.08459885009400
  218.41999790      0.24757249724000
  77.572249714      0.47016930228000
  28.888815277      0.37436370716000
0 0 3 2.0 1.0
  127.10527185      0.02518216660300
  39.339582961      0.10786112456000
  7.6740679989     -0.27408821574000
0 0 2 2.0 1.0
  3.8745627630      1.32138750140000
  1.8385832573      0.68636955368000
0 0 1 0.0 1.0
  0.4498594500      1.00000000000000
0 0 1 0.0 1.0
  0.1363703100      1.00000000000000
0 2 5 6.0 1.0
  666.50423284      0.00236326638360
  157.64241690      0.01887930037400
  50.262520978      0.08720634127300
  18.536078105      0.25285612970000
  7.2940532777      0.43507154820000
0 2 1 5.0 1.0
  2.80149164000     1.00000000000000
0 2 1 0.0 1.0
  0.73964278000     1.00000000000000
0 2 1 0.0 1.0
  0.21056105000     1.00000000000000
0 3 1 0.0 1.0
  0.23728440000     1.00000000000000
