19 11
0 0 8 2.0 1.0
  153976.183250      0.00023662636107
  23082.4976720      0.00183429291370
  5253.23447450      0.00953105277690
  1486.95501330      0.03863840698000
  484.063337260      0.12480768502000
  173.566539800      0.29278861009000
  67.1163814640      0.40633425860000
  26.3395020540      0.20077215860000
0 0 4 2.0 1.0
  172.876935670     -0.02420096093600
  53.0586490630     -0.11553095040000
  7.92127539640      0.57455545175000
  3.21088804720      0.57023185107000
0 0 2 2.0 1.0
  4.56620708950     -0.22615763466000
  0.70209907282      0.75528392045000
0 0 1 1.0 1.0
  0.91009660000      1.00000000000000
0 0 1 0.0 1.0
  0.31839021000      1.00000000000000
0 0 1 0.0 1.0
  0.10000178000      1.00000000000000
0 2 6 6.0 1.0
  728.184498730      0.00261506897920
  172.132650610      0.02067363083500
  54.8298470750      0.09320560387000
  20.1662664940      0.25436518210000
  7.86107288060      0.39131132810000
  3.11052131320      0.22481345943000
0 2 3 6.0 1.0
  11.7573374920     -0.02577728921700
  1.51396174110      0.57359428604000
  0.58328591795      1.07983200020000
0 2 1 0.0 1.0
  0.31652437000      1.00000000000000
0 2 1 0.0 1.0
  0.12001438000      1.00000000000000
0 3 1 0.0 1.0
  0.29120633000      1.00000000000000
