20 11
0 0 8 2.0 1.0
  172517.326850      0.00023317502546
  25861.5192750      0.00180765219800
  5885.66186680      0.00939438442550
  1665.97300310      0.03810840900900
  542.367181480      0.12331203853000
  194.578034920      0.29004470954000
  75.3035976360      0.40587151157000
  29.5740625890      0.20398410743000
0 0 4 2.0 1.0
  191.200746600     -0.02441975975900
  58.8402998830     -0.11547027448000
  8.96425408450      0.56356636717000
  3.68569605410      0.56709682704000
0 0 2 2.0 1.0
  5.24642897260     -0.22825334325000
  0.84862621528      0.72625219172000
0 0 1 2.0 1.0
  1.30710626000      1.00000000000000
0 0 1 0.0 1.0
  0.38027232000      1.00000000000000
0 0 1 0.0 1.0
  0.16014616000      1.00000000000000
0 2 6 6.0 1.0
  836.972620580      0.00252583460920
  197.930401420      0.02007650668600
  63.1355580540      0.09130298736600
  23.2826871700      0.25247029915000
  9.11764449320      0.39426326344000
  3.63361201390      0.23011559492000
0 2 3 6.0 1.0
  13.4941631200     -0.02649502195100
  1.81392597900      0.55088108210000
  0.71981826006      1.02806166200000
0 2 1 0.0 1.0
  0.36108303000      1.00000000000000
0 2 1 0.0 1.0
  0.16029529000      1.00000000000000
0 3 1 0.0 1.0
  0.78864471000      1.00000000000000
