21 14
0 0 8 2.0 1.0
  191612.918740      0.00023076475942
  28723.8503630      0.00178903299460
  6537.01164900      0.00929904011400
  1850.30971710      0.03773943801100
  602.388551560      0.12227148359000
  216.173247660      0.28814821470000
  83.7125178800      0.40517543099000
  32.9087071890      0.20566019623000
0 0 4 2.0 1.0
  211.343932340     -0.02452799146200
  65.1289201390     -0.11570158142000
  10.0343115350      0.55995283317000
  4.15968845970      0.56087765073000
0 0 2 2.0 1.0
  6.00090416130     -0.22840494325000
  0.98255784150      0.71948970378000
0 0 1 2.0 1.0
  1.42204508000      1.00000000000000
0 0 1 0.0 1.0
  0.41466167000      1.00000000000000
0 0 1 0.0 1.0
  0.14961565000      1.00000000000000
0 2 6 6.0 1.0
  947.341228230      0.00247372087440
  224.096997320      0.01974296706000
  71.5603348820      0.09035714754900
  26.4448244900      0.25201602503000
  10.3937982850      0.39675535929000
  4.16063045590      0.23208624517000
0 2 3 6.0 1.0
  15.5657371350     -0.02712942397400
  2.11215448650      0.55109256629000
  0.84184709021      1.00906358060000
0 2 1 0.0 1.0
  0.63537059000      1.00000000000000
0 2 1 0.0 1.0
  0.31768530000      1.00000000000000
0 3 4 1.0 1.0
  30.9893909930      0.01190283743100
  8.69054650690      0.06765585685000
  2.95202563370      0.21332539722000
  1.07619107450      0.38391075578000
0 3 1 0.0 1.0
  0.35567614000      1.00000000000000
0 3 1 0.0 1.0
  0.12383645000      1.00000000000000
0 4 1 0.0 1.0
  0.34500000000      1.00000000000000
