23 14
0 0 8 2.0 1.0
  232340.65058      0.00023072410092
  34828.841170      0.00178881789620
  7926.5448691      0.00929924901310
  2243.7733046      0.03776146334700
  730.59322944      0.12255909662000
  262.32219631      0.28963508811000
  101.70403805      0.41004702955000
  40.064784617      0.21113610858000
0 0 4 2.0 1.0
  255.24014968     -0.02445811633800
  78.804646961     -0.11527205366000
  12.340598946      0.55174749453000
  5.1742019219      0.54504528489000
0 0 2 2.0 1.0
  7.6513894469     -0.22967638286000
  1.2639759898      0.71683769077000
0 0 1 2.0 1.0
  2.0363959000      1.00000000000000
0 0 1 0.0 1.0
  0.5857304500      1.00000000000000
0 0 1 0.0 1.0
  0.2750729900      1.00000000000000
0 2 6 6.0 1.0
  1184.2369151      0.00244498267290
  280.23075192      0.01964345446600
  89.643627137      0.09079694919000
  33.242411253      0.25650768222000
  13.144514452      0.40815393750000
  5.2948534140      0.23860378268000
0 2 3 6.0 1.0
  20.175586851     -0.02824148902300
  2.7605865197      0.55574635619000
  1.1008900902      0.99319919270000
0 2 1 0.0 1.0
  0.7153797600      1.00000000000000
0 2 1 0.0 1.0
  0.2384599200      1.00000000000000
0 3 4 3.0 1.0
  43.861134864      0.01148717423800
  12.516021891      0.06824715397700
  4.3313854957      0.21837784195000
  1.6138855773      0.39245212296000
0 3 1 0.0 1.0
  0.5790593700      1.00000000000000
0 3 1 0.0 1.0
  0.2143837300      1.00000000000000
0 4 1 0.0 1.0
  0.8310000000      1.00000000000000
