25 14
0 0 8 2.0 1.0
  277185.00153      0.00022838385133
  41550.769890      0.00177076503750
  9455.9700152      0.00920772099940
  2676.5206482      0.03741597182500
  871.46687530      0.12164861426000
  312.98306420      0.28824392499000
  121.44454051      0.41041600847000
  47.922598829      0.21372375145000
0 0 4 2.0 1.0
  303.66723163     -0.02458992614000
  93.881403187     -0.11602608038000
  14.879421214      0.55112059677000
  6.2865200745      0.53707560756000
0 0 2 2.0 1.0
  9.4858591337     -0.22889262695000
  1.5698706158      0.71196169587000
0 0 1 2.0 1.0
  2.1881832800      1.00000000000000
0 0 1 0.0 1.0
  0.6599294200      1.00000000000000
0 0 1 0.0 1.0
  0.1011885900      1.00000000000000
0 2 6 6.0 1.0
  1444.7978182      0.0023994136455
  342.06551197      0.0193692868640
  109.58400891      0.0902361089880
  40.747988173      0.2574546785100
  16.188626566      0.4127235195800
  6.5484505964      0.2408770000700
0 2 3 6.0 1.0
  25.357086437     -0.0287071740580
  3.4830168782      0.5520810071200
  1.3858800906      0.9722690137900
0 2 1 0.0 1.0
  1.1854291400      1.0000000000000
0 2 1 0.0 1.0
  0.5353715500      1.0000000000000
0 3 4 5.0 1.0
  56.563189119      0.0115432452950
  16.278734711      0.0702998459870
  5.6964273914      0.2245077082100
  2.1411147942      0.3970306543400
0 3 1 0.0 1.0
  0.7529196500      1.0000000000000
0 3 1 0.0 1.0
  0.2283584800      1.0000000000000
0 4 1 0.0 1.0
  1.3260000000      1.0000000000000
