31 15
0 0 8 2.0 1.0
  435548.66254      0.00023646329650
  65289.589031      0.00183352717760
  14858.784256      0.00953718630810
  4205.9734729      0.03880341246800
  1369.6416431      0.12661604848000
  492.30348905      0.30175310292000
  191.41923233      0.43543934218000
  75.840558665      0.23282363780000
0 0 4 2.0 1.0
  474.30810613     -0.02674370795800
  147.10297560     -0.12654657542000
  23.982599435      0.58840346839000
  10.298230094      0.56324271589000
0 0 2 2.0 1.0
  16.050381430     -0.24516439508000
  2.6988468784      0.74578049593000
0 0 1 0.0 1.0
  1.1590064400      1.00000000000000
0 0 1 2.0 1.0
  0.5763081300      1.00000000000000
0 0 1 0.0 1.0
  0.2433825700      1.00000000000000
0 2 6 6.0 1.0
  2432.0171070      0.00224340659280
  576.12049582      0.01834226533600
  185.11584354      0.08727969716700
  69.246572556      0.25684868351000
  27.818107777      0.42398378107000
  11.420229938      0.25701340043000
0 2 3 6.0 1.0
  42.819661530     -0.01932651911900
  6.3885901000      0.31571386917000
  2.6698993326      0.57617792822000
0 2 1 1.0 1.0
  1.0663932200      1.00000000000000
0 2 1 0.0 1.0
  0.3641398200      1.00000000000000
0 2 1 0.0 1.0
  0.1148217200      1.00000000000000
0 3 5 10 1.0
  103.92331829      0.01146461365200
  30.371094389      0.07362574738300
  10.872078097      0.23505107382000
  4.1549137954      0.40318563513000
  1.5345659145      0.40824748152000
0 3 1 0.0 1.0
  1.7915711500      1.00000000000000
0 3 1 0.0 1.0
  0.7852028800      1.00000000000000
0 3 1 0.0 1.0
  0.2830723400      1.00000000000000
