32 15
0 0 8 2.0 1.0
  466115.00592      0.0002248726466
  69875.420762      0.0017435426729
  15903.276716      0.0090691482206
  4501.8233453      0.0369061746850
  1466.0570924      0.1205016790700
  527.07841728      0.2874864170300
  205.00395074      0.4162232188500
  81.251596065      0.2239784569500
0 0 4 2.0 1.0
  505.74661282     -0.0251846092910
  156.96593744     -0.1189892972100
  25.761448176      0.5493013587000
  11.106654687      0.5293930912900
0 0 2 2.0 1.0
  17.272059104     -0.2285459572800
  2.9438289048      0.6837793031700
0 0 1 2.0 1.0
  1.2786569600      1.0000000000000
0 0 1 0.0 1.0
  0.3368300500      1.0000000000000
0 0 1 0.0 1.0
  0.16841502500     1.0000000000000
0 2 6 6.0 1.0
  2633.9346241      0.0022143925310
  624.00161628      0.0181408991410
  200.58528404      0.0866321849220
  75.097081525      0.2564902059200
  30.214388474      0.4265861126200
  12.440087567      0.2620052731300
0 2 3 6.0 1.0
  45.981316002     -0.0203217676780
  6.9945654416      0.3201374452700
  2.9686001327      0.5905101455500
0 2 1 2.0 1.0
  1.2044364000      1.0000000000000
0 2 1 0.0 1.0
  0.4237841000      1.0000000000000
0 2 1 0.0 1.0
  0.2118920500      1.0000000000000
0 3 5 10.0 1.0
  119.44887581      0.0105865445210
  35.062915293      0.0696012809450
  12.636924529      0.2280703528700
  4.8888672922      0.4030106722000
  1.8453195392      0.4130484701500
0 3 1 0.0 1.0
  1.9531065900      1.0000000000000
0 3 1 0.0 1.0
  0.6401807200      1.0000000000000
0 3 1 0.0 1.0
  0.1305796200      1.0000000000000
