33 15
0 0 8 2.0 1.0
  498032.42158      0.00022740196900
  74656.868743      0.00176328164130
  16990.960004      0.00917280403810
  4809.6200321      0.03733782934400
  1566.2887055      0.12199536117000
  563.21360499      0.29137475324000
  219.11179978      0.42326351479000
  86.866061030      0.22921464278000
0 0 4 2.0 1.0
  538.19512479     -0.02525419729700
  167.14850224     -0.11915461115000
  27.605517159      0.54628495980000
  11.947858521      0.53001520976000
0 0 2 2.0 1.0
  18.538023133     -0.23479188136000
  3.2018985739      0.69167053428000
0 0 1 2.0 1.0
  1.7882833500      1.00000000000000
0 0 1 0.0 1.0
  0.5960944500      1.00000000000000
0 0 1 0.0 1.0
  0.2162856800      1.00000000000000
0 2 6 6.0 1.0
  2678.9421546      0.00233189552870
  634.61765840      0.01904214997700
  203.93967606      0.09022974491300
  76.323890369      0.26169037693000
  30.664124943      0.41857168155000
  12.505056732      0.23447830190000
0 2 4 6.0 1.0
  49.256229549     -0.02123553987000
  7.7274891466      0.30470206668000
  3.5410493476      0.52888373107000
  1.6985585501      0.37272250955000
0 2 1 3.0 1.0
  0.8684807100      1.00000000000000
0 2 1 0.0 1.0
  0.4172966600      1.00000000000000
0 2 1 0.0 1.0
  0.1070219000      1.00000000000000
0 3 5 10.0 1.0
  135.33289305      0.00992911441060
  39.860212744      0.06656884349600
  14.446428359      0.22275768307000
  5.6432900356      0.40309224382000
  2.1668188623      0.41671667946000
0 3 1 0.0 1.0
  1.8975050400      1.00000000000000
0 3 1 0.0 1.0
  0.9487525200      1.00000000000000
0 3 1 0.0 1.0
  0.4743762600      1.00000000000000
