34 15
0 0 8 2.0 1.0
  531071.66696      0.00024108973168
  79603.044117      0.00186964314410
  18115.844240      0.00972716165360
  5127.8923194      0.03960479303100
  1669.9130839      0.12948855136000
  600.57534527      0.30959437289000
  233.70021247      0.45115769216000
  92.672443932      0.24579189033000
0 0 4 2.0 1.0
  571.57513675     -0.02689570788100
  177.63686375     -0.12670989353000
  29.517767052      0.57699001719000
  12.824399795      0.56369075408000
0 0 2 2.0 1.0
  19.848235841     -0.25132415534000
  3.4744018486      0.72905416980000
0 0 1 2.0 1.0
  1.1988909800      1.00000000000000
0 0 1 0.0 1.0
  0.2102537200      1.00000000000000
0 0 1 0.0 1.0
  0.1000000000      1.00000000000000
0 2 6 6.0 1.0
  2815.3500566      0.00255690268540
  666.92558298      0.02087402690100
  214.34213188      0.09877209625000
  80.246687942      0.28471821221000
  32.251081288      0.45003584934000
  13.106432562      0.24416091055000
0 2 4 6.0 1.0
  53.366108516     -0.02155845627300
  8.1827777195      0.32662310638000
  3.6239945672      0.57740499319000
  1.6341591401      0.34301320826000
0 2 1 4.0 1.0
  0.9841832000      1.00000000000000
0 2 1 0.0 1.0
  0.4396626900      1.00000000000000
0 2 1 0.0 1.0
  0.1000000000      1.00000000000000
0 3 5 10.0 1.0
  151.82910279      0.00939702769880
  44.839992523      0.06408650399100
  16.328999510      0.21834238004000
  6.4305057612      0.40314789649000
  2.5048025169      0.41966491490000
0 3 1 0.0 1.0
  1.1031689800      1.00000000000000
0 3 1 0.0 1.0
  0.4307032000      1.00000000000000
0 3 1 0.0 1.0
  0.21535160000     1.00000000000000
