35 15
0 0 8 2.0 1.0
  565073.25256      0.0002366031469
  84701.723179      0.0018348332508
  19276.271900      0.0095465849860
  5456.4284576      0.0388771421530
  1776.9503500      0.1271831423100
  639.19398276      0.3043766219100
  248.78823961      0.4449094049700
  98.678305494      0.2438164305800
0 0 4 2.0 1.0
  606.07824568     -0.0265271587090
  188.45598484     -0.1248458480900
  31.497144506      0.5646868355900
  13.736008320      0.5555526856400
0 0 2 2.0 1.0
  21.203212766     -0.2494092049300
  3.7616420178      0.7121311974300
0 0 1 2.0 1.0
  1.4940008700      1.0000000000000
0 0 1 0.0 1.0
  0.5908622600      1.0000000000000
0 0 1 0.0 1.0
  0.1454311300      1.0000000000000
0 2 6 6.0 1.0
  3019.6955723      0.0024971049798
  715.35481126      0.0204192675960
  229.98328751      0.0968971483090
  86.167844615      0.2805390125200
  34.667870802      0.4460639047300
  14.113870307      0.2441007392300
0 2 4 6.0 1.0
  57.085653082     -0.0218559507100
  8.8193845840      0.3270707532000
  3.9340302872      0.5785522952000
  1.7998830384      0.3357098769800
0 2 1 5.0 1.0
  1.5874541800      1.0000000000000
0 2 1 0.0 1.0
  0.4896365520      1.0000000000000
0 2 1 0.0 1.0
  0.150040570       1.0000000000000
0 3 5 10.0 1.0
  168.85370257      0.0089663981988
  49.977949919      0.0620620593160
  18.274913338      0.2147473238400
  7.2455694631      0.4033533674600
  2.8562315025      0.4220881308000
0 3 1 0.0 1.0
  1.0111406400      1.0000000000000
0 3 1 0.0 1.0
  0.4296930700      1.0000000000000
0 3 1 0.0 1.0
  0.2143006900      1.0000000000000
