237 8
INPUT
9. 0 2 4 4 2 0
  5.031683377 89.503949586 0
  2.015185434  0.437903605 0
  4.383544458 19.520470196 0
  4.332659280 39.038955357 0
  1.374288087  0.170609341 0
  1.225772391  0.418499875 0
  3.415601371 10.482661239 0
  3.412863366 15.724060278 0
  1.030504898  0.266082838 0
  1.019872163  0.408802184 0
  3.574403408 -4.478284427 0
  3.565710590 -5.956907509 0
0 0 2 2 1.0
  7.47446180400       0.269978663630
  6.72961805940      -0.426292518140
0 0 1 1 1.0
  1.55101289000       1.000000000000
0 0 1 0 1.0
  0.47103032000       1.000000000000
0 0 1 0 1.0
  0.15000086000       1.000000000000
0 2 4 6 1.0
  5.67206431940       0.048114224135
  3.33201839560      -0.184851314260
  0.80150054910       0.328118649540
  0.36302220227       0.486731654110
0 2 1 0 1.0
  0.41612560000       1.000000000000
0 2 1 0 1.0
  0.15403522000       1.000000000000
0 3 1 0 1.0
  0.15016226000       1.000000000000

