238 8
INPUT
10. 0 2 4 4 2 0
  6.933460990 135.271042909 0
  4.114003832  17.944071402 0
  7.216816623  29.438081345 0
  7.173696172  58.880674863 0
  3.022798817   4.936282692 0
  2.865699030   9.723352071 0
  6.321514600  11.907239187 0
  6.391499495  17.859551440 0
  1.769726597   2.199180226 0
  1.636771665   2.893570866 0
  4.244198396  -5.509333254 0
  4.229164471  -7.304641693 0
0 0 2 2 1.0
  10.0000000000     -0.185305502620
  8.50000000000      0.339703553760
0 0 1 2 1.0
  1.52131952000      1.000000000000
0 0 1 0 1.0
  0.63584719000      1.000000000000
0 0 1 0 1.0
  0.26638972000      1.000000000000
0 2 4 6 1.0
  7.58830778690      0.033731690287
  3.67313073920     -0.205231850050
  0.90496618455      0.492099726650
  0.43310256408      0.621052965120
0 2 1 0 1.0
  0.39211100000      1.000000000000
0 2 1 0 1.0
  0.18963189000      1.000000000000
0 3 1 0 1.0
  1.78548223000      1.000000000000

