244 11
INPUT
16. 0 2 4 4 2 0
  11.500590 209.786493 0
   5.068575  30.214307 0
  10.532634  48.751244 0
  10.192010  97.496529 0
   4.734892   7.860188 0
   4.509065  15.329751 0
   8.877977  26.967506 0
   8.766122  40.432303 0
   3.170196   3.340758 0
   3.228851   5.256352 0
   7.820249  -8.847525 0
   7.839647 -11.835518 0
0 0 2 2 1.0
  16.0000000000     -0.206340029190
  13.9105816940      0.335504377250
0 0 1 2 1.0
  4.91760343000      1.000000000000
0 0 1 0 1.0
  1.05023798000      1.000000000000
0 0 1 0 1.0
  0.42567096000      1.000000000000
0 2 4 6 1.0
  11.1872086710      0.053225073263
  6.24776887340     -0.227316620500
  1.62794728590      0.478694860560
  0.79326493538      0.502133115670
0 2 1 0 1.0
  0.72729552000      1.000000000000
0 2 1 0 1.0
  0.39101713000      1.000000000000
0 3 3 6 1.0
  5.73418466190     -0.035266111560
  2.24836862940      0.218025022220
  0.98376978359      0.447095650130
0 3 1 0 1.0
  0.38873952000      1.000000000000
0 3 1 0 1.0
  0.15001631000      1.000000000000
0 4 1 0 1.0
  0.94314000000      1.000000000000

