245 11
INPUT
17. 0 2 4 4 2 0
  12.194816 225.312054 0
   5.405137  32.441582 0
  11.280755  52.872826 0
  10.927248 105.745526 0
   5.090117   8.619344 0
   4.851832  16.973459 0
   9.136337  25.108501 0
   8.964808  37.695731 0
   3.643612   4.202584 0
   3.636007   6.292790 0
   8.616228  -9.673568 0
   8.629435 -12.899847 0
0 0 2 2 1.0
  17.0000000000     -0.166908031390
  13.9105816940      0.342350016520
0 0 1 2 1.0
  5.60215580000      1.000000000000
0 0 1 0 1.0
  1.02313748000      1.000000000000
0 0 1 0 1.0
  0.20910894000      1.000000000000
0 2 4 6 1.0
  11.7671036310      0.059494859388
  6.74851330830     -0.237358534770
  1.75026798340      0.490193343030
  0.84321166133      0.506239337510
0 2 1 0 1.0
  0.81404324000      1.000000000000
0 2 1 0 1.0
  0.34365143000      1.000000000000
0 3 4 7 1.0
  19.8578301360      0.006696077819
  10.0613781390     -0.021981738213
  2.26195464770      0.379187062360
  0.97098845035      0.672899765920
0 3 1 0 1.0
  0.38353699000      1.000000000000
0 3 1 0 1.0
  0.15000226000      1.000000000000
0 4 1 0 1.0
  1.09499000000      1.000000000000

