251 12
INPUT
23. 0 2 4 4 2 0
  16.330865 281.071581 0
   8.556542  61.716604 0
  14.470337  67.457380 0
  13.816194 134.933503 0
   8.424924  14.716344 0
   8.092728  29.518512 0
  14.886331  35.447815 0
  15.146319  53.143466 0
   5.908267   9.179223 0
   5.594322  13.240253 0
  14.444978 -15.366801 0
  14.449295 -20.296138 0
0 0 4 2 1.0
  1612.41999330      0.000285403808
  238.844520970      0.001339377875
  23.9981188090     -0.049388154574
  15.1931242130      0.433922272540
0 0 2 2 1.0
  11.7364097330      0.921255199650
  6.52597747940      0.792352802260
0 0 1 0 1.0
  1.58348739000      1.000000000000
0 0 1 0 1.0
  0.18345132000      1.000000000000
0 2 3 6 1.0
  215.683933540      0.000260518232
  16.3744790880      0.073728000195
  9.72162833450     -0.272300281280
0 2 3 3 1.0
  2.79826431540      0.464726923740
  1.47110450330      0.503642420750
  0.75165385301      0.187066662940
0 2 1 0 1.0
  0.37211239000      1.000000000000
0 2 1 0 1.0
  0.12000001000      1.000000000000
0 3 6 10 1.0
  115.903122530      0.000531409151
  30.4742337200      0.005941113917
  18.2284182390     -0.010563706947
  4.32914566460      0.203481773410
  2.12948184960      0.427483789280
  0.99682636692      0.385395608090
0 3 1 0 1.0
  0.62366245000      1.000000000000
0 3 1 0 1.0
  0.31224235000      1.000000000000
0 3 1 0 1.0
  0.12000012000      1.000000000000

