252 12
INPUT
24. 0 2 4 4 2 0
  16.814473 281.045843 0
   8.793526  61.620656 0
  14.877801  67.449464 0
  14.269731 134.904304 0
   8.724435  14.689547 0
   8.291515  29.415063 0
  15.205008  35.432057 0
  15.225848  53.135687 0
   6.071769   9.069802 0
   5.804760  13.122304 0
  15.206168 -15.745450 0
  15.201702 -20.742448 0
0 0 5 2 1.0
  6213.20016500      0.000173920733
  920.896400170      0.001193358984
  199.280427080      0.003625655678
  24.7742330980     -0.059791033012
  14.8381991690      0.959432032630
0 0 2 2 1.0
  12.2787619540      0.759424299360
  6.38078455320      0.353316895420
0 0 1 0 1.0
  1.68979696000      1.000000000000
0 0 1 0 1.0
  0.19518007000      1.000000000000
0 2 3 6 1.0
  204.294008520      0.000406054068
  18.2087593580      0.060255451613
  9.92110243020     -0.274916712770
0 2 3 4 1.0
  3.14415286850      0.431548499740
  1.72208840310      0.554030791100
  0.89098945714      0.240873112270
0 2 1 0 1.0
  0.50599144000      1.000000000000
0 2 1 0 1.0
  0.15135485000      1.000000000000
0 3 6 10 1.0
  121.510552490      0.000634906290
  32.9687943960      0.006181193632
  19.2498624510     -0.008892982522
  4.71984072540      0.201598847640
  2.34280614160      0.429760490130
  1.11353794120      0.382471267510
0 3 1 0 1.0
  1.15243468000      1.000000000000
0 3 1 0 1.0
  0.47220583000      1.000000000000
0 3 1 0 1.0
  0.15628260000      1.000000000000

