253 12
INPUT
25. 0 3 4 4 4 0
  40.033376  49.989649 0
  17.300576 281.006556 0
   8.851720  61.416739 0
  15.720141  67.416239 0
  15.208222 134.807696 0
   8.294186  14.566548 0
   7.753949  28.968422 0
  13.817751  35.538756 0
  13.587805  53.339759 0
   6.947630   9.716466 0
   6.960099  14.977500 0
  18.522950 -20.176618 0
  18.251035 -26.088077 0
   7.557901  -0.220434 0
   7.597404  -0.221646 0
0 0 5 2 1.0
  5899.5791533      0.000241882693
  898.54238765      0.001547404174
  200.37237912      0.004283668446
  31.418053840     -0.039417936275
  15.645987838      0.960866919920
0 0 2 2 1.0
  11.815741857      0.759615240910
  6.4614458287      0.424955018350
0 0 1 0 1.0
  1.7933192200      1.000000000000
0 0 1 0 1.0
  0.2228922900      1.000000000000
0 2 3 6 1.0
  197.30030547      0.000739512269
  20.061411349      0.066168450008
  9.7631460485     -0.285546623480
0 2 4 5 1.0
  12.984316904     -0.049096186164
  3.6199503008      0.389144324820
  2.0232273090      0.656108172620
  1.0367490559      0.318035516470
0 2 1 0 1.0
  0.4757919900      1.000000000000
0 2 1 0 1.0
  0.1500000000      1.000000000000
0 3 6 10 1.0
  119.12671745      0.000825960396
  33.404240134      0.006837767577
  17.805918203     -0.010308158997
  4.8990510353      0.226704576580
  2.4516753106      0.441801139370
  1.1820693432      0.367754722250
0 3 1 0 1.0
  2.5367766300      1.000000000000
0 3 1 0 1.0
  0.6886907200      1.000000000000
0 3 1 0 1.0
  0.2068443800      1.000000000000

