5 8
0 0 6 2.0 1.0
  8564.86606870      0.00022837198155
  1284.15162630      0.00176825764470
  292.278716040      0.00914070805160
  82.7754691760      0.03634263898900
  27.0179392690      0.11063458441000
  9.81496196600      0.23367344321000
0 0 2 2.0 1.0
  3.93185590590      0.41818777978000
  1.65955997120      0.22325473798000
0 0 1 0.0 1.0
  0.53318702000      1.00000000000000
0 0 1 0.0 1.0
  0.26659351000      1.00000000000000
0 2 4 1.0 1.0
  22.4538758030      0.00502655751790
  5.10450583300      0.03280173896500
  1.49860813440      0.13151230768000
  0.50927831315      0.33197167769000
0 2 1 0.0 1.0
  0.53857716000      1.00000000000000
0 2 1 0.0 1.0
  0.26928858000      1.00000000000000
0 3 1 0.0 1.0
  0.75005942000      1.00000000000000
