9 8
0 0 6 2.0 1.0
  35479.100441      0.00021545014888
  5318.4728983      0.00167006865270
  1210.4810975      0.00867332114760
  342.85518140      0.03504993317500
  112.01943181      0.11165320133000
  40.714740248      0.25988506647000
0 0 2 2.0 1.0
  16.039678111      0.39422966880000
  6.5038186740      0.24998238551000
0 0 1 0.0 1.0
  1.4420074900      1.00000000000000
0 0 1 0.0 1.0
  0.4597725800      1.00000000000000
0 2 4 5.0 1.0
  80.233900483      0.00636859991340
  18.594010743      0.04430314353000
  5.6867902653      0.16867248708000
  1.9511006294      0.36166346255000
0 2 1 0.0 1.0
  0.6322845200      1.00000000000000
0 2 1 0.0 1.0
  0.1983553200      1.00000000000000
0 3 1 0.0 1.0
  0.5631263500      1.00000000000000
