11 9
0 0 7 2.0 1.0
  26041.1099270      0.00061806342811
  3906.12685480      0.00477486044140
  888.974549930      0.02447168482900
  251.454979610      0.09475539497700
  81.6501435120      0.26867496920000
  28.9041584010      0.47925475440000
  10.6257829320      0.33248591469000
0 0 3 2.0 1.0
  53.7694101790      0.01952773187200
  16.3082430250      0.09264801079400
  2.37303841250     -0.39938670172000
0 0 2 1.0 1.0
  0.95730772603      1.64285953910000
  0.40806460959      0.55692596966000
0 0 1 0.0 1.0
  0.67460191000      1.00000000000000
0 0 1 0.0 1.0
  0.10055549000      1.00000000000000
0 2 5 6.0 1.0
  138.079799890      0.00579518919290
  32.2327003930      0.04162084625100
  9.98160753600      0.16281916885000
  3.48220339280      0.36011784647000
  1.22991346200      0.44858979889000
0 2 1 0.0 1.0
  0.40094322000      1.00000000000000
0 2 1 0.0 1.0
  0.10067345000      1.00000000000000
0 3 1 0.0 1.0
  1.04630000000      1.00000000000000
