13 10
0 0 7 2.0 1.0
  37792.5507720      0.00057047888709
  5668.06821650      0.00440930165380
  1289.85828410      0.02263096741100
  364.865960280      0.08802564429500
  118.576315150      0.25223701612000
  42.0248676050      0.45960547169000
  15.4995016290      0.33277886014000
0 0 3 2.0 1.0
  75.2080265980      0.01925056019000
  23.0314089720      0.08790674395200
  3.63487976490     -0.34246704535000
0 0 2 2.0 1.0
  1.60650499570      1.51062660580000
  0.76103394581      0.58071016470000
0 0 1 0.0 1.0
  0.69881874000      1.00000000000000
0 0 1 0.0 1.0
  0.34940937000      1.00000000000000
0 2 5 6.0 1.0
  452.523031920      0.00231108124660
  107.081950490      0.01856864182300
  34.1310212550      0.08721623703500
  12.5870374280      0.26902101523000
  4.98119197040      0.52128324272000
0 2 1 1.0 1.0
  1.93791887000      1.00000000000000
0 2 1 0.0 1.0
  0.72047185000      1.00000000000000
0 2 1 0.0 1.0
  0.18328583000      1.00000000000000
0 3 1 0.0 1.0
  0.57798580000      1.00000000000000
