15 10
0 0 7 2.0 1.0
  52426.999233       0.0005520716410
  7863.2660552       0.0042678595308
  1789.5227333       0.0219315291860
  506.27300165       0.0856671683730
  164.60698546       0.2484068660500
  58.391918722       0.4633675397100
  21.643663201       0.3535055815600
0 0 3 2.0 1.0
  99.013837620       0.0218956799580
  30.550439817       0.0956504702950
  5.4537087661      -0.2945427018600
0 0 2 2.0 1.0
  2.6503362563       1.3294381200000
  1.2726688867       0.6610939647300
0 0 1 0.0 1.0
  0.3072409700       1.0000000000000
0 0 1 0.0 1.0
  0.1102708300       1.0000000000000
0 2 5 6.0 1.0
  472.27219248       0.0025710623052
  111.58882756       0.0202502979990
  35.445936418       0.0915807167870
  12.990776875       0.2574945401400
  5.0486221658       0.4286289975800
0 2 1 3.0 1.0
  1.8889755200       1.0000000000000
0 2 1 0.0 1.0
  0.4424064200       1.0000000000000
0 2 1 0.0 1.0
  0.1573225300       1.0000000000000
0 3 1 0.0 1.0
  0.5061295000       1.0000000000000
