22 14
0 0 8 2.0 1.0
  211575.690250      0.00023318151011
  31714.9450580      0.00180796908510
  7217.54765430      0.00939843113520
  2042.93942470      0.03815685361800
  665.128962080      0.12374757197000
  238.749422640      0.29208551143000
  92.5086910010      0.41226800855000
  36.4039192090      0.21090534061000
0 0 4 2.0 1.0
  232.726246070     -0.02492014073800
  71.7912097110     -0.11746490087000
  11.1585346150      0.56503342318000
  4.65481354160      0.56211101812000
0 0 2 2.0 1.0
  6.80346291740     -0.23011425503000
  1.12010764030      0.72103186735000
0 0 1 2.0 1.0
  1.74504592000      1.00000000000000
0 0 1 0.0 1.0
  0.63463883000      1.00000000000000
0 0 1 0.0 1.0
  0.21154627700      1.00000000000000
0 2 6 6.0 1.0
  1063.14747320      0.00246908393200
  251.565070610      0.01977334552300
  80.4085548540      0.09098797667200
  29.7681932690      0.25559900413000
  11.7368305560      0.40489386764000
  4.71423752300      0.23693402558000
0 2 3 6.0 1.0
  17.7968037040     -0.02787863961500
  2.42726986800      0.55672914668000
  0.96823445537      1.00554473500000
0 2 1 0.0 1
  1.73304386000      1.00000000000000
0 2 1 0.0 1.0
  0.37056694000      1.00000000000000
0 3 4 2.0 1.0
  37.7133847230      0.01151383509200
  10.6929311840      0.06724634399600
  3.67284469900      0.21484207775000
  1.35885903030      0.38890892779000
0 3 1 0.0 1.0
  0.86367514000      1.00000000000000
0 3 1 0.0 1.0
  0.43183757000      1.00000000000000
0 4 1 0.0 1.0
 0.562000000000      1.00000000000000
