24 14
0 0 8 2.0 1.0
  254477.80704      0.00023386945693
  38131.797054      0.00181426018000
  8675.2930607      0.00943639257210
  2455.0099848      0.03834363936700
  799.16217787      0.12459194837000
  286.90021489      0.29489696029000
  111.25413232      0.41846149607000
  43.864152636      0.21633763420000
0 0 4 2.0 1.0
  279.32669173     -0.02345090811100
  86.274732376     -0.11080370027000
  13.555756113      0.53028965842000
  5.6978112751      0.51603516947000
0 0 2 2.0 1.0
  8.5636582615     -0.38109545675000
  1.3988296768      1.19915914360000
0 0 1 2.0 1.0
  1.5142137900      1.00000000000000
0 0 1 0.0 1.0
  0.5047379300      1.00000000000000
0 0 1 0.0 1.0
  0.1505787700      1.00000000000000
0 2 6 6.0 1.0
  1306.4398864      0.00242773261850
  309.25311441      0.01954404101700
  98.996273963      0.09065179455300
  36.756916451      0.25699279154000
  14.566657077      0.40935504891000
  5.8739937432      0.23729388849000
0 2 3 6.0 1.0
  22.890999695     -0.02816602661300
  3.0855001822      0.56034120148000
  1.2132329118      0.98119019650000
0 2 1 0.0 1.0
  0.4593168100      1.00000000000000
0 2 1 0.0 1.0
  0.2296584050      1.0000000000000
0 3 4 4.0 1.0
  43.720074476      0.01362296402600
  12.391242652      0.07893518013300
  4.2639442006      0.23833840000000
  1.5525221790      0.39526851122000
0 3 1 0.0 1.0
  1.1288617700      1.00000000000000
0 3 1 0.0 1.0
  0.5172623600      1.00000000000000
0 4 1 0.0 1.0
  1.1470000000      1.00000000000000
