27 14
0 0 8 2.0 1.0
  325817.01553      0.00022568462484
  48839.636453      0.00174993975330
  11114.937307      0.00910031340970
  3146.1603642      0.03699625683700
  1024.4378465      0.12044269621000
  368.02508816      0.28598731649000
  142.91229205      0.40908312004000
  56.482649209      0.21500145739000
0 0 4 2.0 1.0
  356.40298318     -0.02476705967800
  110.31165215     -0.11702139134000
  17.659634834      0.55215522200000
  7.5059030479      0.53246877060000
0 0 2 2.0 1.0
  11.501807176     -0.22942470077000
  1.9081994606      0.71180933514000
0 0 1 2.0 1.0
  2.6083233500      1.00000000000000
0 0 1 0.0 1.0
  0.7955677300      1.00000000000000
0 0 1 0.0 1.0
  0.1356673700      1.00000000000000
0 2 6 6.0 1.0
  1731.1369144      0.00239057676850
  409.91750438      0.01938299996700
  131.45648578      0.09090544850900
  48.987439714      0.26146681577000
  19.537078992      0.42157264570000
  7.9287281634      0.24571813557000
0 2 3 6.0 1.0
  31.076017584     -0.02943806997300
  4.2835180697      0.55615568168000
  1.7022921563      0.96772195064000
0 2 1 0.0 1.0
  1.1628100700      1.00000000000000
0 2 1 0.0 1.0
  0.7018644100      1.00000000000000
0 3 4 7.0 1.0
  68.140745239      0.01198384536000
  19.685241019      0.07368854047500
  6.9322128825      0.23085496779000
  2.6025125694      0.39281059225000
0 3 1 0.0 1.0
  0.9207081800      1.00000000000000
0 3 1 0.0 1.0
  0.2922317400      1.00000000000000
0 4 1 0.0 1.0
  1.9030000000      1.00000000000000
