29 14
0 0 8 2.0 1.0
  377518.79923      0.00022811766128
  56589.984311      0.00176880359310
  12878.711706      0.00919934602270
  3645.3752143      0.03741101643400
  1187.0072945      0.12189873737000
  426.46421902      0.28983900714000
  165.70660164      0.41531872174000
  65.598942707      0.21905799287000
0 0 4 2.0 1.0
  414.41265811     -0.02468252505300
  128.32056039     -0.11716827406000
  20.622089750      0.55301315941000
  8.7821226045      0.52242718609000
0 0 2 2.0 1.0
  13.741372006     -0.22736061821000
  2.2431246833      0.71761210873000
0 0 1 1.0 1.0
  0.8152953200      1.00000000000000
0 0 1 0.0 1.0
  0.4076476600      1.00000000000000
0 0 1 0.0 1.0
  0.1768011100      1.00000000000000
0 2 6 6.0 1.0
  2034.7596692      0.00235248222980
  481.90468106      0.01913407075100
  154.67482963      0.09017110527800
  57.740576969      0.26063284735000
  23.099052811      0.42093485770000
  9.3882478591      0.24344615121000
0 2 3 6.0 1.0
  37.596171210     -0.02899109453000
  5.1240690810      0.54919083831000
  2.0119996085      0.93793330488000
0 2 1 0.0 1.0
  1.4641814000      1.00000000000000
0 2 1 0.0 1.0
  0.7320907000      1.00000000000000
0 3 4 10.0 1.0
  74.129460637      0.01436321667600
  21.359842587      0.08662817709600
  7.4995240537      0.25631430541000
  2.7601394169      0.40374062368000
0 3 1 0.0 1.0
  1.4592938300      1.00000000000000
0 3 1 0.0 1.0
  0.6355722500      1.00000000000000
0 4 1 0.0 1.0
  2.2330000000      1.00000000000000
