30 14
0 0 8 2.0 1.0
  405924.31028      0.00022442017483
  60846.955735      0.00174020866260
  13847.343092      0.00905133395650
  3919.6158551      0.03681734144500
  1276.3594167      0.12004850256000
  458.67254435      0.28576057621000
  178.28725246      0.41087462062000
  70.612192837      0.21816962456000
0 0 4 2.0 1.0
  443.88077950     -0.02493427498400
  137.55875267     -0.11817955766000
  22.268083479      0.55367318468000
  9.5217310606      0.52628934936000
0 0 2 2.0 1.0
  14.874114065     -0.22929955254000
  2.4647517612      0.71135484742000
0 0 1 2.0 1.0
  1.0113272200      1.00000000000000
0 0 1 0.0 1.0
  0.322980200       1.00000000000000
0 0 1 0.0 1.0
  0.1016731100      1.00000000000000
0 2 6 6.0 1.0
  2205.3508534      0.00233562404480
  522.35300699      0.01903102263400
  167.73055542      0.08995575867500
  62.670045373      0.26113248631000
  25.109749456      0.42348448173000
  10.225142681      0.24618926885000
0 2 3 6.0 1.0
  40.713442521     -0.03002966759200
  5.6247090696      0.55575254864000
  2.2279949116      0.95581013442000
0 2 1 0.0 1.0
  1.1601141800      1.00000000000000
0 2 1 0.0 1.0
  0.2624550000      1.00000000000000
0 3 4 10.0 1.0
  88.554315311      0.01272817001500
  25.721525557      0.07939449984300
  9.1278367624      0.24491506805000
  3.4312364064      0.40390526479000
0 3 1 0.0 1.0
  1.1861283200      1.00000000000000
0 3 1 0.0 1.0
  0.4308920600      1.00000000000000
0 4 1 0.0 1.0
  2.6140000000      1.00000000000000
