6 6
0 0 5 2 1
  1238.40169380       0.0054568832082
  186.290049920       0.0406384092110
  42.2511763460       0.1802559388800
  11.6765579320       0.4631512175500
  3.59305064820       0.4408717331400
0 0 1 2 1
  0.46866670000       1.0000000000000
0 0 1 0 1
  0.23547146000       1.0000000000000
0 2 3 2 1
  9.46809706210       0.0383878717280
  2.01035451420       0.2111702511200
  0.54771004707       0.5132817211400
0 2 1 0 1
  0.21046214000       1.0000000000000
0 3 1 0 1
  0.52857792000       1.0000000000000
