12 7
0 0 5 2 1
  4953.8339196     -0.0057778967498
  745.18044154     -0.0431247610820
  169.21604972     -0.1926821698700
  47.300672019     -0.4864143911600
  14.461336973     -0.4255089407700
0 0 3 2 1
  24.768174789      0.0879569699840
  2.4940945349     -0.5516505812800
  0.8780758453     -0.5344329483300
0 0 1 2 1
  0.3450688700      1.0000000000000
0 0 1 0 1
  0.1500539900      1.0000000000000
0 2 5 6 1
  98.053010494     -0.0144805646010
  22.586932277     -0.0954957507870
  6.8391509842     -0.3078767265100
  2.2332843818     -0.4993629288600
  0.7160659939     -0.3150347621300
0 2 1 0 1
  0.2469232300      1.0000000000000
0 3 1 0 1
  0.4148382900      1.0000000000000
