13 8
0 0 5 2 1
  5887.5727030      0.0013483347987
  885.61225996      0.0100715768090
  201.13604899      0.0451324540560
  56.284974674      0.1146126804300
  17.229551243      0.1015960894300
0 0 3 2 1
  29.340249922      0.0693474542080
  3.0439630420     -0.4252811767900
  1.1285539518     -0.4144983221000
0 0 1 2 1
  0.7834298000      1.0000000000000 
0 0 1 0 1
  0.1440019200      1.0000000000000
0 2 5 6 1
  145.11918809      0.0063963373134
  33.717894833      0.0441893599650
  10.369863083      0.1558157599300
  3.5135616036      0.2863528695100
  1.1980050273      0.2292142324800
0 2 1 1 1
  0.3200672400      1.0000000000000 
0 2 1 0 1
  0.1500336200      1.0000000000000 
0 3 1 0 1
  0.1530089300      1.0000000000000
