14 8
0 0 5 2 1
  6903.7118686      0.0013373962995
  1038.4346419      0.0099966546241
  235.87581480      0.0449101651010
  66.069385169      0.1146363854000
  20.247945761      0.1028006385800
0 0 3 2 1
  34.353481730      0.0708372850100
  3.6370788192     -0.4302883625200
  1.4002048599     -0.4138277496900
0 0 1 2 1
  0.6071355100      1.0000000000000 
0 0 1 0 1
  0.1560972800      1.0000000000000 
0 2 5 6 1
  179.83907373      0.0061916656462
  41.907258846      0.0433994319820
  12.955294367      0.1563201935100
  4.4383267393      0.2941999698200
  1.5462247904      0.2353682381400
0 2 1 2 1
  0.3738706200      1.0000000000000
0 2 1 0 1
  0.1400744900      1.0000000000000
0 3 1 0 1
  0.3500000000      1.0000000000000 

