15 8
0 0 5 2 1
  8002.4795106       0.0057503489302
  1203.6813590       0.0430076289590
  273.44227031       0.1936398625200
  76.655541517       0.4965169339900
  23.516927435       0.4498326247900
0 0 3 2 1
  39.791683439       0.0951881297890
  4.2770343323      -0.5764984036800
  1.6940256888      -0.5423958386500
0 0 1 0 1
  0.8995735800       1.0000000000000 
0 0 1 2 1
  0.2876874300       1.0000000000000
0 2 5 6 1
  219.50755823       0.0092100565257
  51.274155030       0.0654097657450
  15.921595892       0.2403373027900
  5.5069913481       0.4631832178800
  1.9537719426       0.3739256338200
0 2 1 3 1
  0.5526276500       1.0000000000000
0 2 1 0 1
  0.1635434500       1.0000000000000
0 3 1 0 1
  0.4500000000       1.0000000000000
