16 8
0 0 5 2 1
  9184.9303010      -0.0022294387756
  1381.5105503      -0.0166830299370
  313.87147580      -0.0752624361160
  88.053870623      -0.1937682703800
  27.039914905      -0.1771802080300
0 0 3 2 1
  45.648731303      -0.1073606257300
  4.9664522326       0.6506629301800
  2.0116242047       0.5971215535400
0 0 1 2 1
  0.3846557700       1.0000000000000
0 0 1 0 1
  0.1485543300       1.0000000000000
0 2 5 6 1
  261.98233439      -0.0092729929822
  61.306894736      -0.0665476692410
  19.103729887      -0.2482859590300
  6.6567720378      -0.4870384740200
  2.3959635161      -0.3933785031200
0 2 1 4 1
  0.6742097700       1.0000000000000
0 2 1 0 1
  0.1697373600       1.0000000000000
0 3 1 0 1
  0.1500000000       1.0000000000000
