17 8
0 0 5 2 1
  10449.827566      0.0019708362484
  1571.7365221      0.0147547279770
  357.12065523      0.0666791128750
  100.25185935      0.1722892408400
  30.812727554      0.1588378610000
0 0 3 2 1
  51.923789434     -0.1000929890900
  5.7045760975      0.6084175275300
  2.3508376809      0.5435215335500
0 0 1 2 1
  0.5111756700      1.0000000000000 
0 0 1 0 1
  0.1916276100      1.0000000000000 
0 2 5 6 1
  307.66790569     -0.0087801484118
  72.102015515     -0.0635633554710
  22.532680262     -0.2401642827600
  7.8991765444     -0.4779886655700
  2.8767268321     -0.3851585000500
0 2 1 5 1
  1.1066398400      1.0000000000000 
0 2 1 0 1
  0.2588839100      1.0000000000000 
0 3 1 0 1
  0.6513145300      1.0000000000000 
