22 11
0 0 6 2 1
  42961.5121850       0.0039127635355
  6450.97591690       0.0299698204890
  1467.72109150       0.1483635270700
  414.209973550       0.5134728532400
  134.487158400       1.0335365483000
  46.1222097960       0.7785423393000
0 0 3 2 1
  89.4477625430      -0.2838540125900
  10.2233460600       1.6772785333000
  4.13537742710       1.2411928456000
0 0 3 2 1
  6.78961814520      -0.0078399994518
  1.11067306910       0.0254954930190
  0.47565975578       0.0160611728920
0 0 1 2 1
  0.31748035000       1.0000000000000
0 0 1 0 1
  0.15000110000       1.0000000000000
0 2 5 6 1
  522.036847820       0.0197541796420
  122.686494890       0.1446067761900
  38.5729036110       0.5466900416500
  13.6721693190       1.0531647540000
  5.01185293590       0.6911121336300
0 2 3 6 1
  2.41319282820       0.7580343713600
  0.93252270050       1.3036241399000
  0.35429058390       0.5363865330000
0 2 1 0 1
  0.25003159000       1.0000000000000
0 3 4 2 1
  23.4651259570       0.0265363801150
  6.33325938320       0.1379645396300
  2.07664899460       0.3531264422800
  0.69027361954       0.4864712416600
0 3 1 0 1
  0.18915399000       1.0000000000000
0 4 1 0 1
  0.56200000000       1.0000000000000
