24 11
0 0 6 2 1
  51528.0863490      0.0014405823106
  7737.21034870      0.0110362022870
  1760.37484700      0.0546766518060
  496.877065440      0.1896503810300
  161.465205980      0.3829541285000
  55.4663522680      0.2909005066800
0 0 3 2 1
  107.547329990     -0.1093228110000
  12.4086718970      0.6447259947100
  5.04236288260      0.4626271256000
0 0 3 2 1
  8.54616401650     -0.2271101328600
  1.39004412210      0.7330152759100
  0.56066602876      0.4422556543300
0 0 1 2 1
  0.48497949000      1.0000000000000
0 0 1 0 1
  0.14539019000      1.0000000000000
0 2 5 6 1
  640.485360960      0.0096126715203
  150.697111940      0.0708898346550
  47.5037552960      0.2706525899000
  16.9341201650      0.5243734341400
  6.24096805900      0.3410799471400
0 2 3 6 1
  3.08854632060      0.3397398690300
  1.17910477690      0.5727206292700
  0.43369774432      0.2458272820600
0 2 1 0 1
  0.33254991000      1.0000000000000 
0 3 4 4 1
  27.5594794260      0.0306124880440
  7.46870203270      0.1559327094400
  2.43459035740      0.3698442127600
  0.78244754808      0.4707111807700
0 3 1 0 1
  0.21679761000      1.0000000000000
0 4 1 0 1
  1.14700000000      1.0000000000000
