26 11
0 0 6 2 1
  60923.640643       0.0014302254466
  9147.8893982       0.0109587900380
  2081.3505927       0.0543325542480
  587.55977067       0.1888499500900
  191.09043990       0.3825306994600
  65.732730112       0.2930833598400
0 0 3 2 1
  127.25891928      -0.1096456492500
  14.830913010       0.6438763133200
  6.0653307408       0.4547234732300
0 0 3 2 1
  10.449943710      -0.2253963995200
  1.7245228003       0.7216439815600
  0.7177217733       0.4498549292200
0 0 1 2 1
  0.5185142600       1.0000000000000
0 0 1 0 1
  0.1411818500       1.0000000000000
0 2 5 6 1
  773.43750995       0.0094325735144
  182.15149714       0.0700296205750
  57.547272758       0.2699365199600
  20.614988935       0.5270001104700
  7.6348557890       0.3428414802800
0 2 3 6 1
  3.8719327990       0.3397440298800
  1.4924724132       0.5684259400500
  0.5606128496       0.2364936583900
0 2 1 0 1
  0.4057599100       1.0000000000000
0 3 4 6 1
  38.968133419       0.0278796643820
  10.800067078       0.1485831998200
  3.6136457999       0.3690547949600
  1.2129967888       0.4774510088300
0 3 1 0 1
  0.3292804600       1.0000000000000
0 4 1 0 1
  1.5980000000       1.0000000000000
