28 11
0 0 6 2 1
  71074.803211      0.001426038673
  10672.020941      0.010928236994
  2428.1389007      0.054212626938
  685.53595148      0.188747689020
  223.10072863      0.383246169850
  76.842014042      0.295506371440
0 0 3 2 1
  148.71122016     -0.110144430590
  17.459154987      0.645214269880
  7.1625280665      0.447978381030
0 0 3 2 1
  12.556137125     -0.226454032240
  2.0735740488      0.723209592860
  0.8538264060      0.448680264760
0 0 1 2 1
  0.4174245700      1.000000000000
0 0 1 0 1
  0.1404726200      1.000000000000
0 2 5 6 1
  916.73608662      0.009343963561
  216.06139913      0.069737374902
  68.383914817      0.270734950120
  24.593843952      0.530783015490
  9.1392960204      0.344102294380
0 2 3 6 1
  4.7193371746      0.340760820160
  1.8161849234      0.565801696110
  0.6784075072      0.236167173610
0 2 1 0 1
  0.4119464100      1.000000000000
0 3 4 8 1
  47.093832108      0.028982316948
  13.146463975      0.154949959500
  4.4170548925      0.376331151110
  1.4771565078      0.473650960140
0 3 1 0 1
  0.4238000700      1.000000000000
0 4 1 0 1
  2.1740000000      1.000000000000
