32 12
0 0 6 2 1
  93889.836642      0.0014233976060
  14097.497528      0.0109107956540
  3207.5477309      0.0541837059430
  905.76727269      0.1892282034900
  295.11014693      0.3861284700100
  101.84713141      0.3016405073600
0 0 3 2 1
  196.56719662     -0.1111877094000
  23.405292522      0.6461600736900
  9.6839116702      0.4418890456800
0 0 3 2 1
  17.269736544     -0.2302742137500
  2.8964622160      0.7301716939800
  1.2553621412      0.4619722225500
0 0 1 2 1
  1.1396354400      1.0000000000000
0 0 1 0 1
  0.2182833100      1.0000000000000  
0 2 5 6 1
  1259.2085995      0.0090115464252
  297.15626382      0.0679868416890
  94.353387522      0.2685385648800
  34.176329677      0.5365964921900
  12.816139615      0.3563351496100
0 2 3 6 1
  6.8471029784      0.3390069311900
  2.7717363939      0.5680936526400
  1.1458418175      0.2724653988400
0 2 1 0 1
  0.3917114300      1.0000000000000
0 2 1 2 1
  0.1400040000      1.0000000000000
0 3 4 10 1
  74.782168177      0.0257558602050
  21.310849759      0.1453681613200
  7.3464792363      0.3713420985900
  2.5656271395      0.4800299843600
0 3 1 0 1
  0.9421431900      1.0000000000000  
0 3 1 0 1
  0.2637066200      1.0000000000000  
